1.000000000000000000e+00 1.000000000000000000e+00 1.000000000000000000e+00 1.000000000000000000e+00 1.000000000000000000e+00 0.000000000000000000e+00 0.000000000000000000e+00 9.959217685798008590e-01 1.291998511805719785e+00 1.000424705397591207e+00 1.110083257100791698e+00 5.259904358110156775e-02 -3.046745901879588381e-03 0.000000000000000000e+00
1.000000000000000000e+00 1.000000000000000000e+00 1.000000000000000000e+00 1.000000000000000000e+00 1.000000000000000000e+00 0.000000000000000000e+00 0.000000000000000000e+00 9.900385598366758799e-01 1.246353924592822127e+00 9.971724522569758165e-01 9.621773826897610515e-01 6.268304358110154961e-02 -6.877341190187957753e-02 0.000000000000000000e+00
1.000000000000000000e+00 1.000000000000000000e+00 1.000000000000000000e+00 1.000000000000000000e+00 1.000000000000000000e+00 0.000000000000000000e+00 0.000000000000000000e+00 9.905270855354941784e-01 1.259514231864680145e+00 9.949079950963574115e-01 1.073130241547131103e+00 2.957172358110160548e-02 3.306464009812037919e-02 0.000000000000000000e+00
1.000000000000000000e+00 1.000000000000000000e+00 1.000000000000000000e+00 1.000000000000000000e+00 1.000000000000000000e+00 0.000000000000000000e+00 0.000000000000000000e+00 9.914070639816596753e-01 1.185797830537597575e+00 9.972580272125947110e-01 9.540036148856593234e-01 9.736043358110157975e-02 2.445407809812039091e-02 0.000000000000000000e+00
1.000000000000000000e+00 1.000000000000000000e+00 1.000000000000000000e+00 1.000000000000000000e+00 1.000000000000000000e+00 0.000000000000000000e+00 0.000000000000000000e+00 1.003142345899564081e+00 1.270975312054677619e+00 1.006703994363954413e+00 9.913414916340556049e-01 5.566979458110155043e-02 2.019012509812034839e-02 0.000000000000000000e+00
1.000000000000000000e+00 1.000000000000000000e+00 1.000000000000000000e+00 1.000000000000000000e+00 1.000000000000000000e+00 0.000000000000000000e+00 0.000000000000000000e+00 9.966356314579771780e-01 1.254753148140942409e+00 1.002151402127614110e+00 9.569585741581532190e-01 6.625795658110156250e-02 7.951700981203568830e-04 0.000000000000000000e+00
1.000000000000000000e+00 1.000000000000000000e+00 1.000000000000000000e+00 1.000000000000000000e+00 1.000000000000000000e+00 0.000000000000000000e+00 0.000000000000000000e+00 9.744861143895136024e-01 1.165769971109268610e+00 9.803978887899752470e-01 9.449488404351118476e-01 5.627389958110151635e-02 1.722040309812034042e-02 0.000000000000000000e+00
1.000000000000000000e+00 1.000000000000000000e+00 1.000000000000000000e+00 1.000000000000000000e+00 1.000000000000000000e+00 0.000000000000000000e+00 0.000000000000000000e+00 9.930864709362563492e-01 1.211133434406514553e+00 9.993927960352833040e-01 8.883038489806476257e-01 7.492429358110153093e-02 -2.506766990187958566e-02 0.000000000000000000e+00
1.000000000000000000e+00 1.000000000000000000e+00 1.000000000000000000e+00 1.000000000000000000e+00 1.000000000000000000e+00 0.000000000000000000e+00 0.000000000000000000e+00 1.007132283094330116e+00 1.193920404034763960e+00 1.012621597781544036e+00 8.267647136664565410e-01 7.512687758110159209e-02 -3.720413990187965148e-02 0.000000000000000000e+00
1.000000000000000000e+00 1.000000000000000000e+00 1.000000000000000000e+00 1.000000000000000000e+00 1.000000000000000000e+00 0.000000000000000000e+00 0.000000000000000000e+00 1.013030533671902989e+00 1.254234446183374985e+00 1.015915145839520584e+00 9.062290252115446920e-01 2.538694258110152369e-02 -9.329934901879610720e-03 0.000000000000000000e+00
1.000000000000000000e+00 1.000000000000000000e+00 1.000000000000000000e+00 1.000000000000000000e+00 1.000000000000000000e+00 0.000000000000000000e+00 0.000000000000000000e+00 1.008602194278676700e+00 1.253638750519793454e+00 1.013557714454629277e+00 8.404493065862566059e-01 5.112953158110156160e-02 -2.633515490187965380e-02 0.000000000000000000e+00
1.000000000000000000e+00 1.000000000000000000e+00 1.000000000000000000e+00 1.000000000000000000e+00 1.000000000000000000e+00 0.000000000000000000e+00 0.000000000000000000e+00 9.877046911918755390e-01 1.178689755077119372e+00 9.948483610009670741e-01 8.921737597108938544e-01 7.670234158110156297e-02 -1.519394590187961303e-02 0.000000000000000000e+00
1.000000000000000000e+00 1.000000000000000000e+00 1.000000000000000000e+00 1.000000000000000000e+00 1.000000000000000000e+00 0.000000000000000000e+00 0.000000000000000000e+00 9.887587416292886733e-01 1.200049926780442755e+00 9.946592326803211925e-01 9.321760979400687264e-01 5.210786558110158673e-02 -1.068524690187966364e-02 0.000000000000000000e+00
1.000000000000000000e+00 1.000000000000000000e+00 1.000000000000000000e+00 1.000000000000000000e+00 1.000000000000000000e+00 0.000000000000000000e+00 0.000000000000000000e+00 9.998701128182884146e-01 1.245557391391378221e+00 1.004504139050722111e+00 9.881731955673237477e-01 6.716709958110156364e-02 -6.737037901879627810e-03 0.000000000000000000e+00
1.000000000000000000e+00 1.000000000000000000e+00 1.000000000000000000e+00 1.000000000000000000e+00 1.000000000000000000e+00 0.000000000000000000e+00 0.000000000000000000e+00 9.913881448654991990e-01 1.253429474786736719e+00 9.952241024783626822e-01 9.876964890718081813e-01 4.804180158110160637e-02 1.073984209812040014e-02 0.000000000000000000e+00
1.000000000000000000e+00 1.000000000000000000e+00 1.000000000000000000e+00 1.000000000000000000e+00 1.000000000000000000e+00 0.000000000000000000e+00 0.000000000000000000e+00 9.996878124173208535e-01 1.255636556923833913e+00 1.004802255891277474e+00 1.012304565890773889e+00 5.757648258110159567e-02 2.068462009812033209e-02 0.000000000000000000e+00
1.000000000000000000e+00 1.000000000000000000e+00 1.000000000000000000e+00 1.000000000000000000e+00 1.000000000000000000e+00 0.000000000000000000e+00 0.000000000000000000e+00 9.953661749517191959e-01 1.152509474744880968e+00 1.003560964083220375e+00 8.186222813645681606e-01 8.951221958110155974e-02 -1.550754690187960971e-02 0.000000000000000000e+00
1.000000000000000000e+00 1.000000000000000000e+00 1.000000000000000000e+00 1.000000000000000000e+00 1.000000000000000000e+00 0.000000000000000000e+00 0.000000000000000000e+00 1.009648452795487206e+00 1.223739364606447610e+00 1.014803733927953200e+00 8.882837715764833053e-01 6.600677258110154710e-02 -3.718039190187960585e-02 0.000000000000000000e+00
1.000000000000000000e+00 1.000000000000000000e+00 1.000000000000000000e+00 1.000000000000000000e+00 1.000000000000000000e+00 0.000000000000000000e+00 0.000000000000000000e+00 9.970805764054805342e-01 1.240908046202082726e+00 1.001724064990544338e+00 1.009035260217312269e+00 5.139300658110157460e-02 1.755991909812038010e-02 0.000000000000000000e+00
1.000000000000000000e+00 1.000000000000000000e+00 1.000000000000000000e+00 1.000000000000000000e+00 1.000000000000000000e+00 0.000000000000000000e+00 0.000000000000000000e+00 1.007032764230866073e+00 1.253884847819162873e+00 1.012724277001007644e+00 8.923477149722947033e-01 6.326070958110152631e-02 -8.628866901879583828e-03 0.000000000000000000e+00
1.000000000000000000e+00 1.000000000000000000e+00 1.000000000000000000e+00 1.000000000000000000e+00 1.000000000000000000e+00 0.000000000000000000e+00 0.000000000000000000e+00 1.004815265813188141e+00 1.275892174280365943e+00 1.009800251152504158e+00 8.927558696041351105e-01 4.586090758110161758e-02 -9.220029901879644996e-03 0.000000000000000000e+00
1.000000000000000000e+00 1.000000000000000000e+00 1.000000000000000000e+00 1.000000000000000000e+00 1.000000000000000000e+00 0.000000000000000000e+00 0.000000000000000000e+00 9.968404896951981176e-01 1.219479917304616023e+00 1.003284120459309037e+00 9.180512654038159859e-01 8.099457358110151439e-02 3.232640098120409533e-03 0.000000000000000000e+00
1.000000000000000000e+00 1.000000000000000000e+00 1.000000000000000000e+00 1.000000000000000000e+00 1.000000000000000000e+00 0.000000000000000000e+00 0.000000000000000000e+00 9.876500566485780785e-01 1.208907248596948536e+00 9.939671897082459351e-01 1.013910714603243779e+00 5.362586658110157778e-02 8.288852098120358391e-03 0.000000000000000000e+00
1.000000000000000000e+00 1.000000000000000000e+00 1.000000000000000000e+00 1.000000000000000000e+00 1.000000000000000000e+00 0.000000000000000000e+00 0.000000000000000000e+00 9.882387690523185553e-01 1.232593849243873718e+00 9.942450051725862936e-01 9.337584694225626869e-01 6.414260658110160218e-02 -1.547044290187959970e-02 0.000000000000000000e+00
1.000000000000000000e+00 1.000000000000000000e+00 1.000000000000000000e+00 1.000000000000000000e+00 1.000000000000000000e+00 0.000000000000000000e+00 0.000000000000000000e+00 9.979967133217916286e-01 1.184588003336578987e+00 1.004139371324714425e+00 8.578394237634164865e-01 7.354864358110158040e-02 5.731672098120421666e-03 0.000000000000000000e+00
1.000000000000000000e+00 1.000000000000000000e+00 1.000000000000000000e+00 1.000000000000000000e+00 1.000000000000000000e+00 0.000000000000000000e+00 0.000000000000000000e+00 9.777587865814632018e-01 1.161023370509213004e+00 9.844924989893060197e-01 8.984696497949125060e-01 8.458431858110160295e-02 -1.967742901879621087e-03 0.000000000000000000e+00
1.000000000000000000e+00 1.000000000000000000e+00 1.000000000000000000e+00 1.000000000000000000e+00 1.000000000000000000e+00 0.000000000000000000e+00 0.000000000000000000e+00 9.739808349800079812e-01 1.146988486380631889e+00 9.801816638724538677e-01 9.134949953475663964e-01 7.829337458110152692e-02 1.679043509812039314e-02 0.000000000000000000e+00
1.000000000000000000e+00 1.000000000000000000e+00 1.000000000000000000e+00 1.000000000000000000e+00 1.000000000000000000e+00 0.000000000000000000e+00 0.000000000000000000e+00 9.858692328237830260e-01 1.177976654241151611e+00 9.927201287948825836e-01 9.231162476298866437e-01 8.885031258110154262e-02 1.151235909812031721e-02 0.000000000000000000e+00
1.000000000000000000e+00 1.000000000000000000e+00 1.000000000000000000e+00 1.000000000000000000e+00 1.000000000000000000e+00 0.000000000000000000e+00 0.000000000000000000e+00 9.861691500018759937e-01 1.216998478020474561e+00 9.922193717313700922e-01 8.941702380637528425e-01 7.137579658110160263e-02 -6.263079018796746666e-04 0.000000000000000000e+00
1.000000000000000000e+00 1.000000000000000000e+00 1.000000000000000000e+00 1.000000000000000000e+00 1.000000000000000000e+00 0.000000000000000000e+00 0.000000000000000000e+00 1.000778041641940286e+00 1.257299769201868811e+00 1.005784086099180019e+00 9.478710961026002302e-01 6.634880558110156645e-02 1.138407098120408634e-03 0.000000000000000000e+00
1.000000000000000000e+00 1.000000000000000000e+00 1.000000000000000000e+00 1.000000000000000000e+00 1.000000000000000000e+00 0.000000000000000000e+00 0.000000000000000000e+00 1.004922272496728164e+00 1.243913966024855489e+00 1.009734877962648714e+00 9.027141351731038377e-01 4.288355258110154722e-02 -4.319675901879649338e-03 0.000000000000000000e+00
1.000000000000000000e+00 1.000000000000000000e+00 1.000000000000000000e+00 1.000000000000000000e+00 1.000000000000000000e+00 0.000000000000000000e+00 0.000000000000000000e+00 1.007086631313567571e+00 1.285244446812430663e+00 1.011791661379875196e+00 9.314836912031727589e-01 5.894993258110159395e-02 1.293923009812036895e-02 0.000000000000000000e+00
1.000000000000000000e+00 1.000000000000000000e+00 1.000000000000000000e+00 1.000000000000000000e+00 1.000000000000000000e+00 0.000000000000000000e+00 0.000000000000000000e+00 9.945216530540096356e-01 1.181026849497995634e+00 9.992881654726194496e-01 9.418139974557844241e-01 5.429327658110161270e-02 2.081573409812031983e-02 0.000000000000000000e+00
1.000000000000000000e+00 1.000000000000000000e+00 1.000000000000000000e+00 1.000000000000000000e+00 1.000000000000000000e+00 0.000000000000000000e+00 0.000000000000000000e+00 9.871319053978215852e-01 1.172665362361686725e+00 9.915390355414400725e-01 9.590951105472903526e-01 5.559986358110158289e-02 3.059388909812033042e-02 0.000000000000000000e+00
1.000000000000000000e+00 1.000000000000000000e+00 1.000000000000000000e+00 1.000000000000000000e+00 1.000000000000000000e+00 0.000000000000000000e+00 0.000000000000000000e+00 1.001576683028103432e+00 1.179779837880551074e+00 1.006009494334079601e+00 9.305635766444482204e-01 3.177040758110161178e-02 2.615440098120314083e-03 0.000000000000000000e+00
1.000000000000000000e+00 1.000000000000000000e+00 1.000000000000000000e+00 1.000000000000000000e+00 1.000000000000000000e+00 0.000000000000000000e+00 0.000000000000000000e+00 9.987855271489139986e-01 1.196212404678759889e+00 1.004167819047968147e+00 8.847000560538089697e-01 5.131497058110157106e-02 1.831486709812035762e-02 0.000000000000000000e+00
1.000000000000000000e+00 1.000000000000000000e+00 1.000000000000000000e+00 1.000000000000000000e+00 1.000000000000000000e+00 0.000000000000000000e+00 0.000000000000000000e+00 1.012285308460764144e+00 1.302382703040031897e+00 1.016854618618581174e+00 9.945266847616496264e-01 4.174224958110150929e-02 2.391675209812038627e-02 0.000000000000000000e+00
1.000000000000000000e+00 1.000000000000000000e+00 1.000000000000000000e+00 1.000000000000000000e+00 1.000000000000000000e+00 0.000000000000000000e+00 0.000000000000000000e+00 1.008464351539593684e+00 1.303375098100653107e+00 1.012473813544956247e+00 1.034313782749223476e+00 4.638480958110158259e-02 -8.428209018795929097e-04 0.000000000000000000e+00
1.000000000000000000e+00 1.000000000000000000e+00 1.000000000000000000e+00 1.000000000000000000e+00 1.000000000000000000e+00 0.000000000000000000e+00 0.000000000000000000e+00 1.004582387727239734e+00 1.296053724675008123e+00 1.009100356195044235e+00 1.039567662298494177e+00 4.991339458110155558e-02 -1.116181790187964484e-02 0.000000000000000000e+00
1.000000000000000000e+00 1.000000000000000000e+00 1.000000000000000000e+00 1.000000000000000000e+00 1.000000000000000000e+00 0.000000000000000000e+00 0.000000000000000000e+00 1.010932165980092057e+00 1.377084508772888238e+00 1.013352905788770242e+00 1.094309559320831182e+00 -5.690028418898429585e-03 2.281929209812039172e-02 0.000000000000000000e+00
1.000000000000000000e+00 1.000000000000000000e+00 1.000000000000000000e+00 1.000000000000000000e+00 1.000000000000000000e+00 0.000000000000000000e+00 0.000000000000000000e+00 1.004507505594145478e+00 1.240312921834424653e+00 1.009749139497459147e+00 8.892840173036745677e-01 4.997382558110152750e-02 -1.783463790187966858e-02 0.000000000000000000e+00
1.000000000000000000e+00 1.000000000000000000e+00 1.000000000000000000e+00 1.000000000000000000e+00 1.000000000000000000e+00 0.000000000000000000e+00 0.000000000000000000e+00 1.001275832575980740e+00 1.242224690300364864e+00 1.006976302519687616e+00 9.282079851879533328e-01 5.820799558110156813e-02 -9.394155901879641668e-03 0.000000000000000000e+00
1.000000000000000000e+00 1.000000000000000000e+00 1.000000000000000000e+00 1.000000000000000000e+00 1.000000000000000000e+00 0.000000000000000000e+00 0.000000000000000000e+00 1.005887389914866814e+00 1.229401752571869677e+00 1.011184498005845311e+00 8.785990750142453898e-01 7.296793758110153849e-02 -1.474773190187961269e-02 0.000000000000000000e+00
1.000000000000000000e+00 1.000000000000000000e+00 1.000000000000000000e+00 1.000000000000000000e+00 1.000000000000000000e+00 0.000000000000000000e+00 0.000000000000000000e+00 1.007592785667476010e+00 1.265652362650287577e+00 1.013224870601215244e+00 8.708797711301196065e-01 8.692313058110157087e-02 4.839801098120322109e-03 0.000000000000000000e+00
1.000000000000000000e+00 1.000000000000000000e+00 1.000000000000000000e+00 1.000000000000000000e+00 1.000000000000000000e+00 0.000000000000000000e+00 0.000000000000000000e+00 1.006854243458640497e+00 1.233668896928237890e+00 1.011395026610313330e+00 9.631151715503540878e-01 6.369645258110157027e-02 2.322378309812034303e-02 0.000000000000000000e+00
1.000000000000000000e+00 1.000000000000000000e+00 1.000000000000000000e+00 1.000000000000000000e+00 1.000000000000000000e+00 0.000000000000000000e+00 0.000000000000000000e+00 1.001721585618202237e+00 1.274610051124271948e+00 1.005176782887401199e+00 1.004695360574535679e+00 3.118244858110152951e-02 5.320842409812032159e-02 0.000000000000000000e+00
1.000000000000000000e+00 1.000000000000000000e+00 1.000000000000000000e+00 1.000000000000000000e+00 1.000000000000000000e+00 0.000000000000000000e+00 0.000000000000000000e+00 9.956890150177751808e-01 1.254509328305051907e+00 9.991504361448589888e-01 1.004846898777722153e+00 6.045411658110155795e-02 2.773775509812037576e-02 0.000000000000000000e+00
1.000000000000000000e+00 1.000000000000000000e+00 1.000000000000000000e+00 1.000000000000000000e+00 1.000000000000000000e+00 0.000000000000000000e+00 0.000000000000000000e+00 1.007039402666712880e+00 1.251267139016836838e+00 1.009444902360903784e+00 1.000497767415234662e+00 3.825882858110152274e-02 1.706766509812041033e-02 0.000000000000000000e+00
1.000000000000000000e+00 1.000000000000000000e+00 1.000000000000000000e+00 1.000000000000000000e+00 1.000000000000000000e+00 0.000000000000000000e+00 0.000000000000000000e+00 1.005271357617921302e+00 1.271307157784077768e+00 1.010245790822496881e+00 9.444528020523158540e-01 3.996231458110155454e-02 7.821309812039434206e-05 0.000000000000000000e+00
1.000000000000000000e+00 1.000000000000000000e+00 1.000000000000000000e+00 1.000000000000000000e+00 1.000000000000000000e+00 0.000000000000000000e+00 0.000000000000000000e+00 1.000964484101803498e+00 1.205235124385333201e+00 1.007899515169625948e+00 8.514386775227890114e-01 4.306569258110160003e-02 -1.671483901879655676e-03 0.000000000000000000e+00
1.000000000000000000e+00 1.000000000000000000e+00 1.000000000000000000e+00 1.000000000000000000e+00 1.000000000000000000e+00 0.000000000000000000e+00 0.000000000000000000e+00 9.998457094064259199e-01 1.261258660806434229e+00 1.004797672533459307e+00 9.717881620460693259e-01 6.129319458110160657e-02 1.609816309812039936e-02 0.000000000000000000e+00
1.000000000000000000e+00 1.000000000000000000e+00 1.000000000000000000e+00 1.000000000000000000e+00 1.000000000000000000e+00 0.000000000000000000e+00 0.000000000000000000e+00 1.009365765140543214e+00 1.290141881116612543e+00 1.013535767590381775e+00 1.029071930607977192e+00 4.778426758110154715e-02 3.439564009812035028e-02 0.000000000000000000e+00
1.000000000000000000e+00 1.000000000000000000e+00 1.000000000000000000e+00 1.000000000000000000e+00 1.000000000000000000e+00 0.000000000000000000e+00 0.000000000000000000e+00 1.007510577595404966e+00 1.242190933659479635e+00 1.012721622637891006e+00 9.500701210824583631e-01 7.348788658110161354e-02 4.026896909812038849e-02 0.000000000000000000e+00
1.000000000000000000e+00 1.000000000000000000e+00 1.000000000000000000e+00 1.000000000000000000e+00 1.000000000000000000e+00 0.000000000000000000e+00 0.000000000000000000e+00 1.011093249470834676e+00 1.252582100108209140e+00 1.015739070957698331e+00 9.555297791537301633e-01 7.441378458110159411e-02 2.439340709812032326e-02 0.000000000000000000e+00
1.000000000000000000e+00 1.000000000000000000e+00 1.000000000000000000e+00 1.000000000000000000e+00 1.000000000000000000e+00 0.000000000000000000e+00 0.000000000000000000e+00 9.927697410624601870e-01 1.270417105756021847e+00 9.980029754663676256e-01 1.032092420021457402e+00 3.885661358110159558e-02 -1.358866990187967971e-02 0.000000000000000000e+00
1.000000000000000000e+00 1.000000000000000000e+00 1.000000000000000000e+00 1.000000000000000000e+00 1.000000000000000000e+00 0.000000000000000000e+00 0.000000000000000000e+00 9.890239310515666071e-01 1.275099759813721922e+00 9.941348226043179581e-01 1.023778035043414913e+00 3.514609458110151685e-02 -3.033160190187966787e-02 0.000000000000000000e+00
1.000000000000000000e+00 1.000000000000000000e+00 1.000000000000000000e+00 1.000000000000000000e+00 1.000000000000000000e+00 0.000000000000000000e+00 0.000000000000000000e+00 1.001870623057916854e+00 1.262215971349159194e+00 1.007081646957252774e+00 9.897770641084734367e-01 6.217126058110156173e-02 1.048857909812039857e-02 0.000000000000000000e+00
1.000000000000000000e+00 1.000000000000000000e+00 1.000000000000000000e+00 1.000000000000000000e+00 1.000000000000000000e+00 0.000000000000000000e+00 0.000000000000000000e+00 9.930330921184087334e-01 1.271322984225201624e+00 9.980175786139436900e-01 1.004753237270916699e+00 2.388457958110157264e-02 6.425232098120403634e-03 0.000000000000000000e+00
1.000000000000000000e+00 1.000000000000000000e+00 1.000000000000000000e+00 1.000000000000000000e+00 1.000000000000000000e+00 0.000000000000000000e+00 0.000000000000000000e+00 9.984561384353132230e-01 1.290691406033295463e+00 1.003822149071888603e+00 9.863147092172510622e-01 3.929577158110153512e-02 -8.520264901879626152e-03 0.000000000000000000e+00
1.000000000000000000e+00 1.000000000000000000e+00 1.000000000000000000e+00 1.000000000000000000e+00 1.000000000000000000e+00 0.000000000000000000e+00 0.000000000000000000e+00 1.005013608172317774e+00 1.279643542640720888e+00 1.010175867478307010e+00 9.639010097941655975e-01 6.443624358110155992e-02 -9.435519901879629856e-03 0.000000000000000000e+00
1.000000000000000000e+00 1.000000000000000000e+00 1.000000000000000000e+00 1.000000000000000000e+00 1.000000000000000000e+00 0.000000000000000000e+00 0.000000000000000000e+00 9.901000615466041266e-01 1.282756449205491478e+00 9.954873575765386118e-01 1.090747170339652961e+00 5.547934858110159517e-02 -5.023850901879622910e-03 0.000000000000000000e+00
1.000000000000000000e+00 1.000000000000000000e+00 1.000000000000000000e+00 1.000000000000000000e+00 1.000000000000000000e+00 0.000000000000000000e+00 0.000000000000000000e+00 9.936132838089055674e-01 1.260220006216439925e+00 9.986960866966804184e-01 1.002413170806976339e+00 4.413100358110155774e-02 -2.904146990187961297e-02 0.000000000000000000e+00
1.000000000000000000e+00 1.000000000000000000e+00 1.000000000000000000e+00 1.000000000000000000e+00 1.000000000000000000e+00 0.000000000000000000e+00 0.000000000000000000e+00 9.960899872913021591e-01 1.262187510775889310e+00 1.000606527036220772e+00 9.704683076790548979e-01 4.258089658110153497e-02 2.071552098120377217e-03 0.000000000000000000e+00
1.000000000000000000e+00 1.000000000000000000e+00 1.000000000000000000e+00 1.000000000000000000e+00 1.000000000000000000e+00 0.000000000000000000e+00 0.000000000000000000e+00 9.910717361323453378e-01 1.257981873373879234e+00 9.970049879324367481e-01 1.024645923765117095e+00 4.309232358110159922e-02 -6.719021590187967963e-02 0.000000000000000000e+00
1.000000000000000000e+00 1.000000000000000000e+00 1.000000000000000000e+00 1.000000000000000000e+00 1.000000000000000000e+00 0.000000000000000000e+00 0.000000000000000000e+00 1.007384145179956558e+00 1.290000512396299870e+00 1.009668578267890249e+00 1.091065371221530356e+00 1.305774858110153591e-02 1.217277609812039696e-02 0.000000000000000000e+00
1.000000000000000000e+00 1.000000000000000000e+00 1.000000000000000000e+00 1.000000000000000000e+00 1.000000000000000000e+00 0.000000000000000000e+00 0.000000000000000000e+00 1.000998715728095734e+00 1.271000499256710103e+00 1.006295394208190919e+00 9.633636785001388203e-01 6.654164558110153838e-02 1.629064098120358572e-03 0.000000000000000000e+00
1.000000000000000000e+00 1.000000000000000000e+00 1.000000000000000000e+00 1.000000000000000000e+00 1.000000000000000000e+00 0.000000000000000000e+00 0.000000000000000000e+00 9.988045288440967617e-01 1.287178198591102385e+00 1.003810932679657597e+00 9.919356606594446069e-01 4.444856858110157738e-02 3.427928509812039337e-02 0.000000000000000000e+00
1.000000000000000000e+00 1.000000000000000000e+00 1.000000000000000000e+00 1.000000000000000000e+00 1.000000000000000000e+00 0.000000000000000000e+00 0.000000000000000000e+00 9.900471611627744695e-01 1.227801726394994963e+00 9.943041603715760957e-01 9.664162885878696541e-01 5.252169858110156131e-02 1.428580609812035718e-02 0.000000000000000000e+00
1.000000000000000000e+00 1.000000000000000000e+00 1.000000000000000000e+00 1.000000000000000000e+00 1.000000000000000000e+00 0.000000000000000000e+00 0.000000000000000000e+00 9.877074025364405152e-01 1.217530539810415036e+00 9.929275816074016880e-01 9.840846739074377014e-01 7.008290958110152680e-02 -6.215279018796371346e-04 0.000000000000000000e+00
1.000000000000000000e+00 1.000000000000000000e+00 1.000000000000000000e+00 1.000000000000000000e+00 1.000000000000000000e+00 0.000000000000000000e+00 0.000000000000000000e+00 9.758208686191685022e-01 1.203826080891640782e+00 9.814233777478721388e-01 1.025998025702873129e+00 6.415114958110157417e-02 -2.012338901879684450e-03 0.000000000000000000e+00
1.000000000000000000e+00 1.000000000000000000e+00 1.000000000000000000e+00 1.000000000000000000e+00 1.000000000000000000e+00 0.000000000000000000e+00 0.000000000000000000e+00 9.989089008635926303e-01 1.221577916661293672e+00 1.003232098262574201e+00 9.648982932813982005e-01 3.767074758110156019e-02 9.177800098120414418e-03 0.000000000000000000e+00
1.000000000000000000e+00 1.000000000000000000e+00 1.000000000000000000e+00 1.000000000000000000e+00 1.000000000000000000e+00 0.000000000000000000e+00 0.000000000000000000e+00 1.003399863992827656e+00 1.256722196743428333e+00 1.007685588316299174e+00 9.582063433873250213e-01 5.320750058110157443e-02 1.756673098120331566e-03 0.000000000000000000e+00
1.000000000000000000e+00 1.000000000000000000e+00 1.000000000000000000e+00 1.000000000000000000e+00 1.000000000000000000e+00 0.000000000000000000e+00 0.000000000000000000e+00 1.009961278516618766e+00 1.269804796189367924e+00 1.013801150265633666e+00 9.636226583759353037e-01 5.395504458110156332e-02 2.845676709812039462e-02 0.000000000000000000e+00
1.000000000000000000e+00 1.000000000000000000e+00 1.000000000000000000e+00 1.000000000000000000e+00 1.000000000000000000e+00 0.000000000000000000e+00 0.000000000000000000e+00 1.003095778540276761e+00 1.247213153661762108e+00 1.006591246826564090e+00 9.339707196655977484e-01 3.838697958110159902e-02 -9.789600901879635941e-03 0.000000000000000000e+00
1.000000000000000000e+00 1.000000000000000000e+00 1.000000000000000000e+00 1.000000000000000000e+00 1.000000000000000000e+00 0.000000000000000000e+00 0.000000000000000000e+00 1.000721170255761461e+00 1.277586282859561218e+00 1.006082720786376505e+00 9.657941587138213491e-01 8.324973758110154609e-02 1.690391109812039439e-02 0.000000000000000000e+00
1.000000000000000000e+00 1.000000000000000000e+00 1.000000000000000000e+00 1.000000000000000000e+00 1.000000000000000000e+00 0.000000000000000000e+00 0.000000000000000000e+00 1.000296639366877516e+00 1.303298058073347976e+00 1.006045891737583631e+00 9.162969214175911148e-01 5.926730358110154917e-02 -2.642566890187958428e-02 0.000000000000000000e+00
1.000000000000000000e+00 1.000000000000000000e+00 1.000000000000000000e+00 1.000000000000000000e+00 1.000000000000000000e+00 0.000000000000000000e+00 0.000000000000000000e+00 1.020773534068353028e+00 1.249459087781764621e+00 1.023230304960688786e+00 9.634371396718043323e-01 3.641296858110154577e-02 3.723274209812033053e-02 0.000000000000000000e+00
1.000000000000000000e+00 1.000000000000000000e+00 1.000000000000000000e+00 1.000000000000000000e+00 1.000000000000000000e+00 0.000000000000000000e+00 0.000000000000000000e+00 1.008464101836359816e+00 1.274400821712506238e+00 1.012197659531861804e+00 9.789853622150723744e-01 3.614711558110161871e-02 2.470347809812034612e-02 0.000000000000000000e+00
1.000000000000000000e+00 1.000000000000000000e+00 1.000000000000000000e+00 1.000000000000000000e+00 1.000000000000000000e+00 0.000000000000000000e+00 0.000000000000000000e+00 1.019346269050513953e+00 1.245902373066911206e+00 1.022433865127392982e+00 9.245054985153434712e-01 5.197857058110155748e-02 2.387745209812042191e-02 0.000000000000000000e+00
1.000000000000000000e+00 1.000000000000000000e+00 1.000000000000000000e+00 1.000000000000000000e+00 1.000000000000000000e+00 0.000000000000000000e+00 0.000000000000000000e+00 1.021860092458815483e+00 1.291955903938128092e+00 1.023878408230214809e+00 9.748726945322836457e-01 2.232546658110157178e-02 3.704848809812033572e-02 0.000000000000000000e+00
1.000000000000000000e+00 1.000000000000000000e+00 1.000000000000000000e+00 1.000000000000000000e+00 1.000000000000000000e+00 0.000000000000000000e+00 0.000000000000000000e+00 1.020829194295538311e+00 1.257398780961582974e+00 1.025356889763154866e+00 9.505820810093426054e-01 6.318523458110159030e-02 1.678192609812034775e-02 0.000000000000000000e+00
1.000000000000000000e+00 1.000000000000000000e+00 1.000000000000000000e+00 1.000000000000000000e+00 1.000000000000000000e+00 0.000000000000000000e+00 0.000000000000000000e+00 1.021480396080528985e+00 1.242180990022324849e+00 1.024934390756788716e+00 9.009923639298781373e-01 4.777055458110157637e-02 2.994712098120411170e-03 0.000000000000000000e+00
1.000000000000000000e+00 1.000000000000000000e+00 1.000000000000000000e+00 1.000000000000000000e+00 1.000000000000000000e+00 0.000000000000000000e+00 0.000000000000000000e+00 1.016733826627935322e+00 1.277536147782166509e+00 1.019765011882880490e+00 9.562163407210155786e-01 1.425160158110161390e-02 -1.296888690187958382e-02 0.000000000000000000e+00
1.000000000000000000e+00 1.000000000000000000e+00 1.000000000000000000e+00 1.000000000000000000e+00 1.000000000000000000e+00 0.000000000000000000e+00 0.000000000000000000e+00 1.006580880679323942e+00 1.296992981494529129e+00 1.009673911896735943e+00 1.029022266493864635e+00 -1.217073418898428905e-03 -7.842455901879596958e-03 0.000000000000000000e+00
1.000000000000000000e+00 1.000000000000000000e+00 1.000000000000000000e+00 1.000000000000000000e+00 1.000000000000000000e+00 0.000000000000000000e+00 0.000000000000000000e+00 1.000058333348686990e+00 1.237481336050793024e+00 1.003526927958235726e+00 9.838458190219894206e-01 1.747608958110158373e-02 -1.334944290187967120e-02 0.000000000000000000e+00
1.000000000000000000e+00 1.000000000000000000e+00 1.000000000000000000e+00 1.000000000000000000e+00 1.000000000000000000e+00 0.000000000000000000e+00 0.000000000000000000e+00 1.009913112663400003e+00 1.236899081281844115e+00 1.013544092725410239e+00 9.702325696886636708e-01 3.633220658110158929e-02 9.440775098120357534e-03 0.000000000000000000e+00
1.000000000000000000e+00 1.000000000000000000e+00 1.000000000000000000e+00 1.000000000000000000e+00 1.000000000000000000e+00 0.000000000000000000e+00 0.000000000000000000e+00 1.002697898392361564e+00 1.277281415422115707e+00 1.007048175291492154e+00 9.595903677235643192e-01 4.955441358110157513e-02 -2.523510090187963684e-02 0.000000000000000000e+00
1.000000000000000000e+00 1.000000000000000000e+00 1.000000000000000000e+00 1.000000000000000000e+00 1.000000000000000000e+00 0.000000000000000000e+00 0.000000000000000000e+00 1.005808356547430282e+00 1.214815232047753213e+00 1.010547557492153636e+00 8.762140277098082741e-01 6.029071558110155049e-02 -1.727366890187964632e-02 0.000000000000000000e+00
1.000000000000000000e+00 1.000000000000000000e+00 1.000000000000000000e+00 1.000000000000000000e+00 1.000000000000000000e+00 0.000000000000000000e+00 0.000000000000000000e+00 1.006765005683450509e+00 1.228005455153443171e+00 1.012461018071660224e+00 8.754363227379581280e-01 6.922701258110153244e-02 -2.046571190187962408e-02 0.000000000000000000e+00
1.000000000000000000e+00 1.000000000000000000e+00 1.000000000000000000e+00 1.000000000000000000e+00 1.000000000000000000e+00 0.000000000000000000e+00 0.000000000000000000e+00 1.001356627629226059e+00 1.274955592515405689e+00 1.006404118377287382e+00 9.789460163718731733e-01 6.634962458110160721e-02 1.223815709812037245e-02 0.000000000000000000e+00
1.000000000000000000e+00 1.000000000000000000e+00 1.000000000000000000e+00 1.000000000000000000e+00 1.000000000000000000e+00 0.000000000000000000e+00 0.000000000000000000e+00 1.000569230753263872e+00 1.211370958406923881e+00 1.006092444937423336e+00 8.614335606604033302e-01 7.389179758110153706e-02 5.425212098120413273e-03 0.000000000000000000e+00
1.000000000000000000e+00 1.000000000000000000e+00 1.000000000000000000e+00 1.000000000000000000e+00 1.000000000000000000e+00 0.000000000000000000e+00 0.000000000000000000e+00 9.951466622149882646e-01 1.221878630622970752e+00 1.001070895635628677e+00 9.301478994300086400e-01 5.383470758110153742e-02 -2.155762790187965017e-02 0.000000000000000000e+00
1.000000000000000000e+00 1.000000000000000000e+00 1.000000000000000000e+00 1.000000000000000000e+00 1.000000000000000000e+00 0.000000000000000000e+00 0.000000000000000000e+00 1.010284608813695861e+00 1.281756905225611254e+00 1.013945271902549461e+00 9.776992980042663595e-01 3.459167758110159863e-02 -9.920264901879582986e-03 0.000000000000000000e+00
1.000000000000000000e+00 1.000000000000000000e+00 1.000000000000000000e+00 1.000000000000000000e+00 1.000000000000000000e+00 0.000000000000000000e+00 0.000000000000000000e+00 9.955392586162554736e-01 1.257170675623696443e+00 9.984489333725502513e-01 1.058867107697895493e+00 2.685846658110158103e-02 3.136930709812035811e-02 0.000000000000000000e+00
1.000000000000000000e+00 1.000000000000000000e+00 1.000000000000000000e+00 1.000000000000000000e+00 1.000000000000000000e+00 0.000000000000000000e+00 0.000000000000000000e+00 9.955289971896532641e-01 1.219506019352147863e+00 1.000561791088589114e+00 9.349793326301554242e-01 5.308172058110161018e-02 1.287490309812033829e-02 0.000000000000000000e+00
1.000000000000000000e+00 1.000000000000000000e+00 1.000000000000000000e+00 1.000000000000000000e+00 1.000000000000000000e+00 0.000000000000000000e+00 0.000000000000000000e+00 9.906808516073180026e-01 1.239028227846675101e+00 9.950021869945449016e-01 1.090584334383264187e+00 6.293564558110154028e-02 2.618174709812037815e-02 0.000000000000000000e+00
1.000000000000000000e+00 1.000000000000000000e+00 1.000000000000000000e+00 1.000000000000000000e+00 1.000000000000000000e+00 0.000000000000000000e+00 0.000000000000000000e+00 9.955936578748783017e-01 1.227399480023346534e+00 1.001475985800039714e+00 9.641313467526645420e-01 4.421743558110158290e-02 5.465090981203735154e-04 0.000000000000000000e+00
