0.5822089810820615 0.8275111091912074 0.7578501196588556 0.6483474640917105 0.32244217045963486 0.6488504991271948 0.7133073066244915 1.0021228858430866 0.9010003741611115 1.001517770544199 0.8686616969156927 0.2810353090584384 -0.15036232754623408 30.383467332418228
0.6000984835707162 0.9068127487950581 1.4534476378412684 0.5307141616084179 0.8284357803092384 0.8181272204138547 0.8695304254509555 1.005138416561642 1.0418515811177829 1.0183738705525769 0.8528331493755745 0.09166785331406391 0.1423571335894327 32.33292524169415
0.7169160234699653 0.9880909129139419 0.7382382580275941 0.5502577625553952 0.8850506287160991 0.4694816711292968 0.9936010357084268 0.980520616004893 1.2436387159489692 0.9913922042689146 0.7861748634523126 0.22906973794356095 -0.25852916011876004 35.57679104994576
1.0436463973256578 0.9645881222474726 0.7112530092086125 0.6001319532834151 0.3898351662366105 0.8408611642164198 -0.08742061264588308 1.007920903886953 1.0767814094367067 0.9884962179909302 0.9474294651851448 -0.20959863700285805 0.2551378101922927 8.601007524684578
1.4441927747174934 0.8600203678616165 1.1008710001871622 1.2027798208358391 0.8422851957992332 0.8070654432090285 0.10484235125025054 1.0063722428493338 0.7804452647156354 1.0115596710580028 0.8938489991456593 0.16967526374797876 -0.1555109103603351 13.062823166244062
0.863609223562573 0.9435088261648299 1.3732488498694653 1.0091684481384553 0.6802749538727654 0.40601896433982165 0.6111171756312772 0.9848299398956858 0.9637030614129483 1.01696947018362 1.0028183895130747 -0.08572870123600576 0.29182277693228814 8.727689107183192
0.9582543374460093 0.8430767815843682 1.0998799391663474 0.6359240227131833 0.1546696376038653 0.5551175511905021 -0.1108172718654456 1.0013414811974848 0.7745308067712873 0.9825970555381801 0.9637932568727222 0.04612060228530168 0.18666338673611338 6.706736340938547
0.8087578604199908 0.8781136335019464 1.2034382031965096 0.9503386492241888 0.3686897855812706 0.08366028622233772 0.47341744736243574 1.0140144488472154 0.9058065502237255 0.9864195510245554 1.1069763130301409 0.29138002899428267 0.22545893196791417 51.953998967156686
1.3563804996843942 0.9297434453024891 1.2196658346804394 0.8223838572982414 0.9082493063503151 0.6338141347771912 0.13334432805388152 1.0026223849078393 1.0240775422049389 1.0064142229125728 1.2183893279280633 -0.04316848704873877 0.16004800463996227 34.22884456886006
1.3392738010985694 0.8968742187745808 1.139414833536089 0.9677688548162908 0.4590303882576541 0.8395981908447353 -0.3590531472504549 0.9817151057758323 0.9435791679973455 0.9839899351772821 0.8574343546065983 0.07689813751399177 0.16918451528035755 31.059148757830105
1.209319428526316 0.9772726253477088 0.7968541205568105 0.5403793459240517 0.5574495406225781 0.9381290464735251 -0.48269797612473575 1.002587510140075 0.7679617660271548 0.9932293814481645 0.9004919496331483 0.006327428982948025 0.01662664176275852 30.002881238726225
0.5293183839693899 0.9317083723038948 1.186192615307444 0.9766688672589756 0.9337053987889292 0.7189951211464174 -0.335838995943264 0.9990418005980088 0.761232727136175 1.0124803120569268 1.0738566369226947 -0.1755954790367224 -0.11008380934213088 43.92900456170847
1.1183187145999471 0.8710009177926656 1.0189720800031572 0.7529816865439447 0.5625144523427295 0.9784990135529401 -0.016843134811088678 1.0001761408832264 1.2161337143013962 0.9857409886217898 0.8797999987546014 -0.11569511718728193 -0.23647004366336366 59.19669461598134
1.012712568880242 0.8181257741725086 0.9566302940490885 0.695792952386958 0.2738176478593492 0.4163139333775727 0.3286375920138227 0.9959594487084245 1.2258697540316377 1.0072024697671296 1.1989407181348417 0.2888148277385418 -0.02006406667027566 38.213460038828885
0.5469420323961495 0.8984669873777953 1.0098323494556292 1.1043199813389428 0.4650168766006695 0.6803153303505863 0.7468322356163546 1.004595941692681 0.9249655127203518 0.9985243308075888 1.1336554138097479 -0.1553624885349451 -0.2996365060206839 35.05700250131669
0.9966326751000847 0.9120152423844751 0.8404705690281056 1.2604380234788284 0.6941109205933478 0.08550314622609138 0.49386185369102753 0.9932284850831781 0.8475098968387392 0.9836861847049265 0.8877699386499207 0.1825501249194938 -0.010162533169454535 6.469032160448906
1.4355003030600058 0.8791719512321655 0.9703524245520029 1.4075197419269394 0.6711176370792347 0.05107678496643665 0.7574624134839534 1.0077041896236028 1.0488065664177186 1.0155559614011052 0.8072781082590742 0.02649050828500782 0.2735927655042765 46.63047766898307
1.3176066958974397 0.8478233372038193 0.6742501507169086 0.8630035949747223 0.3582665592559444 0.16381946267138253 -0.46128208791710057 1.0188564598530143 1.1581569559479405 0.9819789660027071 1.1482634617022605 -0.1390493747478936 -0.04731858292904828 58.71349973034107
0.6381585265629114 0.8226017804239228 0.826695175494109 0.5912354459541901 0.3642497759073826 0.43283085010401007 0.9374708392727362 0.9874862633699963 1.043287512647748 0.998932842815592 1.2258438161770826 0.2565735394812659 0.05479938347678509 18.09682022664262
0.8839306717307824 0.8837781236529183 1.473229992387064 1.039156523605747 0.24278366159080625 0.13637999309332036 0.6807314708679746 1.0165314449577538 1.1527619342129527 1.0197613132320282 1.0146261981155256 0.05068371853195225 0.011251521894799277 8.281763077564904
0.7519603289431394 0.9055238955956795 0.7662454084947883 1.0907232079404825 0.6320034274900802 0.9684682363899076 0.14832340883581152 0.991567327992389 1.0895822181136081 0.9958658918335279 1.2471434911785737 -0.11797588125149935 -0.217167065422201 37.9004567449967
1.1390426897404078 0.9762691682813297 0.5230935848400937 1.0746936497390092 0.07411868922140832 0.2240707511973172 0.15481826110438823 1.000482804453455 1.2317718089947476 0.987564282950476 0.7921233240644663 0.010070035163274704 -0.28335441379433635 31.937557369601627
1.3984492433443085 0.9494029877171756 0.6249059934884669 0.7851208214635562 0.5957645000446455 0.09121655809207267 0.884307119854761 1.0181379183518526 0.939848994136305 1.0020395170651886 1.2363953010685422 -0.26599404862015025 0.15658994003425708 27.078508483579142
0.7041490851233299 0.8375723480440145 1.3462218302078037 1.3881573586449512 0.6218264448183712 0.3833543263374623 0.506698880313055 1.0135772844225661 0.7670859596926111 1.0008837094428473 0.985865425299951 -0.1842034319504856 0.15296016654789968 53.29402068228236
0.9495045903418511 0.9131408342436819 0.7522816349358716 1.4743055621298846 0.27872543176123654 0.14582544975428538 0.9850353455524397 0.9800145885619791 0.7901589853786385 1.0189389159597102 0.9551949633041447 -0.07341786483270646 0.06651103979656159 53.64029408152066
0.5172313696508217 0.8193954911266117 0.5935574558428129 0.9069647091095835 0.5470262841347985 0.013449163300377891 0.8593783863074207 0.9956165817088767 1.1499935114301987 1.015028232059908 1.0680485419690129 0.032722109338988004 -0.10630690769008896 21.35455016404509
1.2180082737157534 0.8170495833883898 1.299293139415978 0.757849939256567 0.8636436671076911 0.43674686936036977 -0.23652487581321952 0.9999728413745467 0.7528121232749787 1.0134049296725756 1.084701228554952 0.11036098577101866 -0.16304793570723047 54.20707291145148
0.9944999156763266 0.8829034934969485 1.0414230053190692 1.4699098269576085 0.18864304174149044 0.8669866475124373 0.5363709783768442 0.9921773295033215 0.7560491914803886 0.9869553374381159 1.1965635779404347 0.02355061504084921 -0.2149891379270537 26.7992564418385
0.7223521281464822 0.9202568590362066 1.1632670156198515 0.7958569947816121 0.13446620488525843 0.7900675382935889 0.5498650840120363 1.0109338311073488 1.221271355900662 1.0194285865632722 1.0206432243849441 0.14291823907429735 -0.0022504881444794234 29.77615407753259
0.7818554013308417 0.9447414438276547 0.6124828074312575 0.6742504466423043 0.01542542155315751 0.5682105221661261 -0.0026544899743040085 1.0037912655191648 1.0507415062353234 0.9898131412919855 1.1540320644660136 -0.1323700725053643 0.10984353105712524 55.14762269705845
0.915664286176373 0.8404637003925789 1.2840231746131168 1.1441012992837667 0.3830990178962618 0.8509682477659677 -0.2634114638701711 1.0176165708940321 1.2356445840350976 1.0076310961229145 0.9520066630325512 -0.27878338805346153 -0.24728863743802348 27.356555000283237
0.6277225609192221 0.992670051268055 0.6021677209831343 1.3821516302955112 0.5828758049587623 0.6675774371132652 -0.09910528444144329 0.99539196864897 0.8555753531920224 1.0185067238648586 1.2231054788316524 -0.013796106392595042 0.04866021382601471 23.64868160948976
1.3817406782614556 0.862137528390987 1.2388803844404646 0.8445586957491252 0.4175647096859186 0.228985838414624 0.19671947781038301 1.0069631025935026 1.1417149565001938 1.0132383224122545 1.156453515584241 -0.25669777181679887 -0.01654833403470002 53.82501793928864
1.1733017877712653 0.8614018919683736 0.6467312693786359 1.3276243164376056 0.16011107180911974 0.2819004630298555 0.5959953281768151 0.9867334048460119 0.853509172325766 0.9956477270560419 0.8077274524324562 0.13577190978077847 -0.1395901243041197 7.378678233249043
1.3086788025506402 0.841061431897641 1.3789645768812995 1.1647331029896455 0.6424961831186137 0.47841283326349776 -0.49653192130211915 0.992711991509311 1.1716576637373495 1.010765179899878 0.8157731127832035 0.25446480881055605 0.08959869677982607 16.68550384739636
1.4094906960552458 0.893372693304517 0.7245145070970731 0.8689908066423111 0.1703034791668907 0.3882734958070212 -0.2437993739766099 0.9883122969871296 1.0394581455065919 1.0160089355855124 0.7736331677455167 -0.021485521797190932 -0.22294603255270073 44.23085143265444
0.6603670116412017 0.9868283438146012 1.4824007003623236 1.2655822919209683 0.34073769733132997 0.21264772929008677 0.7392940077034287 1.016811776032657 0.8985708003883591 0.9890352191491175 0.9132437568056722 -9.99565666594593E-4 -0.13753970873646387 21.893088856459386
1.4277631802054862 0.8676015065631062 1.319530086242545 1.3774895490925956 0.7400010329251826 0.9215962545885297 0.32223016541997906 0.9828559692135929 0.9215050702407366 1.0053986386347695 1.0977756877628173 0.10196981468040633 -0.14978672836091197 25.217780898021594
1.3515276177537727 0.9001654625392064 1.066313501178627 0.7912296473091889 0.8521023974614683 0.6290309114773052 0.0069713430069182625 1.005477957637472 1.1556006585860663 1.0078026257836774 0.9226891061422524 -0.10270724774060719 0.0751392204776517 27.900234639327348
0.8465194386222994 0.9671601581571742 0.9388205343971581 0.5002348620351271 0.6556992644201249 0.32570132151600684 -0.1969446968841152 1.0115496123235634 0.9564847029019607 1.0110792774031279 1.1881302164295076 -0.28237520852600134 -0.005766325271315376 56.94556383914631
0.7559017129926568 0.8889671067091256 0.8547269245382731 0.918991149997354 0.9173652835598287 0.5411413200247224 0.36654836635151467 1.0059963248544197 1.1734448804491577 0.9808203216625496 1.138989771849665 -0.010819476320584664 0.10257639511844019 51.54030852872232
1.2246162696389171 0.9485055713921168 1.4661131872305484 0.5581157647901512 0.7954502392275373 0.18155071642281698 0.37744321120031754 1.0099771268926472 1.2412479910391596 0.9961181528589944 0.9213205751374111 0.1451156725756259 -0.26760811043112265 22.358869737642472
1.2519680804963618 0.9362476551874758 1.398957854587798 1.3945465331685134 0.6603795692152449 0.17172738892169023 -0.33049140653226283 1.010166057860073 1.130556345599943 1.003977233234735 0.7636189371780147 0.2400408924451784 0.1394717958428212 26.55546567369378
0.8349527630004402 0.8769493626757633 1.4046571442857783 1.4795106326562304 0.33353899041828905 0.8986825840081557 0.09940445425934152 1.005737057940295 1.1168857804634171 1.002231514287837 0.9893472310302334 0.11706811134951811 0.042630732987556264 28.34910660872366
0.8419766352525802 0.9323626932715832 1.071229572342034 1.1479550048796128 0.3259775829729617 0.5151409050598679 -0.04790565827570292 1.0042035583933981 1.1052984736261728 0.9887568516436509 0.7969989374319353 -0.1993243874995856 0.17344284276121735 36.878605150953895
0.878021329199268 0.834492153161915 1.3088298909651865 1.0795962750882289 0.9687533838667494 0.23963520774379685 -0.15023990113884828 0.9893321839376971 0.8152626826104601 0.9943643515576341 0.9156967976631849 -0.1915694936047374 -0.12484265296817312 13.798735618378059
0.657129881213336 0.8169536459390706 0.5567140685574449 0.9135618461378145 0.995666860103628 0.45620823183554415 0.8551447433676724 0.9832503227342795 0.8265373392545861 1.017057188027924 0.8402931059149479 0.17236412154343572 0.24094419656214666 17.045342233130462
1.2300080416537365 0.9637017780207001 1.1979289357218788 0.9878689964190039 0.9878941722589191 0.9560686871145595 0.967462529910462 1.0081745663181694 0.9506408698204173 1.0112798985226417 1.0233335351972435 -0.05260566379383377 -0.09827714086759745 15.45914382684465
0.5959065247368548 0.9978351177403811 0.8200591073717824 1.3467205874393773 0.25411313055401075 0.366525414029146 0.6642159381195882 0.9811887007360433 0.8356429706266411 0.9870089654417836 1.036497087516639 0.07800373643875591 0.09382410210024955 45.96759908534499
1.2558907064003368 0.849251724279393 1.117437678497051 0.6895155526165366 0.40419959565976543 0.9614528379481121 0.8795642583887033 0.9870844294262469 0.9199885030359366 0.9881465429953659 1.2436110296392686 -0.08772571814125438 0.28369866964461316 29.372378361721168
1.0673947582569867 0.9289922203634754 1.2286678436400869 0.5619354023443397 0.6395568922157971 0.6025706129279886 0.5193931695595095 0.9937009033259463 0.9089957210377031 0.9947423571249213 1.119638833186542 -0.10188239374454439 0.058564966403515994 41.31363931222132
0.851767528385851 0.8656546096656264 0.7005788179306434 0.6523846610873982 0.45251641856877656 0.3993593824476512 0.4299399502793695 0.9826191354239201 0.9482708811407761 1.0158056441692913 0.8864213455175771 0.24878163506155254 0.149609544176599 33.358700663709826
1.193853067574444 0.969968557192623 1.177114162786419 1.461339043511202 0.20159223163529974 0.016516719975798566 0.41900776821088126 1.0172677257688687 1.208805838116952 1.0126060459813109 0.8103849877703236 -0.24252796578027205 0.2162954003479049 59.64835258479829
1.1750879219864818 0.8519225886351018 0.6924889245174584 0.8871608021839326 0.2457637302434159 0.9986373122992649 -0.2053085526834627 1.0198794475626836 1.207357093035201 1.0175762094744034 0.9411933786649449 0.17643116180712137 -0.05088173551012751 7.1144136888366205
1.3908611180932984 0.8546785317233656 0.8345892635317906 1.0193815104621198 0.41215592940199836 0.30783828879245995 0.27699191261458944 1.0160597040628576 1.0693413009553474 0.9813802780883183 0.8241614899030201 0.24592796164186342 -0.026107691028064817 54.578111332576924
0.9618084331439123 0.9173297933941126 1.0264867429125801 0.5818464656768803 0.047413024563367996 0.4049883066444348 -0.4646346695468372 1.0132509703321566 0.947494220930766 0.9846051603449288 1.2495199641250372 -0.02418993215041082 0.05295669779819079 36.969528133270245
1.4018107551018055 0.8155349193947465 0.7284725422517713 1.2926526475895375 0.10708415765371243 0.291485485579432 0.734406699870632 0.9873277741533012 0.9817886513072082 1.0137991181659003 0.9531731205515838 0.13907788864007864 0.13459199574763964 16.172734170521153
0.8289701165036434 0.8234704440031851 0.9234829315780365 0.9494402954064416 0.11455252356524787 0.3043118606903342 0.8208927235333556 1.0011695771069309 0.902554949676128 1.0048058289157231 0.9819273027098876 0.28239442910714035 -0.1008084305605603 38.8756379104635
0.6898627642405476 0.8598948243320547 1.4284985880576537 1.4579507550866209 0.2850964625825495 0.5852943239875223 0.023782925195246385 0.9906157069533617 0.9737556225545301 0.9859258246197071 0.9264154100089561 -0.25823443449899036 0.2501858861167336 19.349182854012696
0.569225667076883 0.9393823959566325 0.5622757433505126 1.4837841388694262 0.14793259286729593 0.6888988690375936 0.9133669386046606 0.9971747800236272 1.079878766319996 0.9802107429013641 0.8507532454694028 -0.2921569096541685 -0.13051404237850295 4.685782356812169
1.4947646761736997 0.8564479274813741 0.6258698894326185 0.8163323337637677 0.6262815631183862 0.8273861927568686 0.8096786952050925 0.9993939777795912 1.1368030078630031 1.0032348576608408 1.1524888628281493 0.1111763882178769 -0.15811189592367514 10.792307705509668
0.7956520673621965 0.9846460007867969 1.385054856948778 0.6091811942326625 0.6797936584260915 0.3734913731792958 0.4037946671157795 1.011757982781734 1.117664272155176 1.015288328658249 1.1039538281392813 0.16243169067222057 -0.1605060851479678 29.009897952829867
0.6307057222799753 0.8577847241541625 0.9297707537042175 1.0475453882262784 0.5436786955886901 0.24754283534715693 0.14051229230505136 0.9869596601271993 1.239818415492135 0.9994063832454394 0.9071146377409174 -0.08122185321176023 -0.05499319989507345 22.142973590744656
1.4865193176807265 0.9667460938066561 0.6610014195914735 1.2871147339481532 0.836271422615043 0.9888807709187131 0.12549617190163798 1.0111064830595624 0.8034685712383665 0.9811527016851408 0.938081092709558 0.018590253938890022 -0.007048226605012531 19.93751890928496
1.227192900045622 0.9459059542988166 1.4244728564246931 1.1878625886900436 0.4216619535052781 0.346669814175075 0.031728919606814565 1.015318225072754 0.9530277476155773 1.0199029190759474 1.0903493793913221 0.01683401247181915 0.11355031161145607 3.2350977201196693
1.134152578560118 0.9837829927192805 1.0784933857025483 0.627560013123698 0.9912340149995973 0.19272076119332782 -0.15853843282723717 0.992947322340646 0.9660763451175954 0.9991662655591133 0.9724396092750625 -0.027192487940522536 -0.22093437094870527 18.893539894029733
0.9673062695825462 0.909240569269858 1.262663802212744 0.8470509182950332 0.9544297127729569 0.5039132985460966 0.39862381029507366 0.9980499401527856 1.1979532999586286 0.9894625085107639 1.0437150639997268 -0.03591287856547026 0.12545113229971672 48.763242772861666
0.9251975554885405 0.9826351833420631 1.2096431916867467 1.4974005619156654 0.5254278680385966 0.9297699855393017 0.2928516112972229 1.008286454043665 0.813024548102391 0.9842040899465868 0.7522858354381772 -0.23170329076954707 0.09857614263908232 24.002155678536305
1.4341175468784972 0.9039033231197432 1.0397476553485996 0.8546245558777299 0.8158684507762607 0.07494897990359113 0.2836035371003731 0.9994100071204829 1.0281640426903382 0.9904120605396557 1.1082214651271651 -0.1118527809595394 -0.08616109903912031 49.82622568807668
0.9381542205080124 0.9685131782642847 0.7777598145741479 0.8707401799390411 0.025161467619518662 0.912544864870848 -0.4471165994000487 0.9879382190301171 1.2008905548134572 1.0145765251508132 1.2072815549431604 -0.0553141581690037 0.16421986392147592 28.594398664612022
1.1555079788863267 0.9018403072668947 0.8004458209426648 1.4231914756362478 0.3480248737892104 0.039823810232050866 -0.2964254241881824 0.9983019222217225 0.7959043435032893 0.998789309322622 1.0294042567213078 0.22739091520790827 -0.04077929165773653 56.35034952666214
0.674095846634214 0.97303151454879 1.3659241449089692 0.884257055250735 0.5695529057060521 0.33013796180373484 0.23896220322493678 1.0015547988364712 1.0070988321747345 0.9997833870996746 1.0961943294214245 -0.29874608382331885 -0.2617039749118524 50.7310884750849
1.1664013161494953 0.99894166057362 1.0343865148050218 1.41246536016889 0.15679315151141554 0.6428534290504104 -0.2770843421689777 0.9839141055913342 1.0628317487274075 0.9897762646725203 1.0007136592963772 -0.2534854386433957 -0.289913840181608 47.79043411248415
0.8701929967438835 0.8874953285188998 0.6079780753337992 1.4160444869745095 0.21443408484941692 0.9843273533929069 0.9279301906766817 0.983416310353471 1.1684957070729445 0.9863122836224232 0.9908879821745243 0.20197359334874615 -0.059606765437342835 16.378526428267463
0.9219978572044523 0.941555901133716 1.3114689445296839 1.3031099528438603 0.024684210948430176 0.7035376530159212 -0.027729102536943717 1.0075833442710556 0.8703679075257738 0.9851235156924012 0.97335164124924 0.1531917221517342 -0.24069633556865416 42.555594725828286
1.0740605211658911 0.9261201903676837 0.9311992141315826 1.1989853932483017 0.23209240446227908 0.8938906600389597 0.6353458062014157 1.0167962377441175 0.7853298058089602 0.9815475052700152 0.8490149232941016 0.02946383154705018 0.21355795094401092 14.60200604424695
0.9727708556270562 0.8137167617437143 1.1511469322899983 0.9940292022262837 0.872835897696283 0.4488387763372505 0.8939852710137535 0.9850931266136861 0.8296627079180134 0.9883903052974676 0.8713614229221194 -0.06703426414769739 0.07321470293093923 41.82191436186729
0.7932356156240874 0.8645751525202225 1.0576470358610064 1.2234166102411 0.30504576058059496 0.26436143986039334 0.06828464738562823 1.019700570925499 0.8520234303250191 0.9860343992063509 1.0756132039064923 -0.16704388856861774 0.03424552110987672 48.17120835601297
0.7473782449550673 0.990536548347305 0.9653538585200503 0.615144470677896 0.7695014293504749 0.3505698645310116 -0.3032660456658774 1.0061184862984702 1.0085509520549674 0.9941174701322693 0.8582632375285791 0.0449608620569657 0.22874333804198982 57.57092270153264
1.1832614150677911 0.9508386889928417 1.1696548355287444 0.9836660388572642 0.12117991153392302 0.526432283665573 -0.3792228731308741 0.9840834835845439 1.001980950995239 0.9820527848632586 0.8373143659565725 -0.28975914094608135 0.020511213851266696 11.426131767827494
1.2915622079207747 0.8363084254270896 0.9881431476171647 1.2725626353766746 0.37088482379899285 0.09688025638988335 0.3490296043978547 0.9888350181803054 1.1212877667273786 1.0063462681323927 0.7892518255699861 0.05977737470183536 0.28175708216113654 20.935229446654347
0.887321193196958 0.8866550902476975 0.8628917641946805 1.2292291762710699 0.7334504435888807 0.9450495686856203 0.20687450541355035 0.9831857197928342 0.8910870759228734 0.9974454260155383 0.9940487539676096 -0.18074320555400974 0.19995983834816183 39.862216536614866
1.0184728643597445 0.9166937003413622 0.9616438746602018 1.3645672414614842 0.18068397506848624 0.6622575518418733 0.4770293666718496 1.0033964710499967 1.1296529935984998 1.0096492244694353 0.9316696621401817 0.25826186660539135 -0.021044214205248934 51.629780605276224
1.476118743228412 0.9729256018792966 0.5498392582577688 1.0510592055484849 0.7096497806202238 0.32137626081329845 0.07778253706942317 0.9964809701979088 1.2109090018813324 0.9827262792934777 0.9579522517545211 0.03743709013710811 -0.16889731847784883 44.65032320613168
1.467514739489956 0.8815326490334098 1.0220602701771928 1.0402125427061448 0.20889137042989786 0.564710626319433 0.6939795544890759 0.9951550995932767 0.8013810740479402 0.9979781686610882 0.8375097693769638 -0.06538086062807746 0.008739460525725162 38.631189871964956
0.9523484799850843 0.9115076952635457 0.5721927260994465 0.683798903308366 0.5239886611608116 0.25217847813665656 0.5827327275946612 1.0112388541849062 1.0192655127609598 0.9964089045563314 1.161922717409093 -0.172912948317699 0.026159066147389942 3.746721106306212
0.9422644419750579 0.9856361378854186 0.8163652439859682 1.126019897860606 0.9560281535853876 0.1327191129571815 -0.41775570683201485 1.0053205899834385 0.7585494648710325 1.014821726936454 1.2301745800281243 -0.29582323185930326 -0.08270274799566088 45.08884861305661
0.9849131812002404 0.8913126681662366 0.9147283858894653 0.6695887765484563 0.7108644370197408 0.8484022051576496 0.052688087277784845 0.9904462067681725 1.229697015976397 0.9937949361830282 1.1826279683476617 0.2872990616797609 -0.20509442584447074 9.564794441456366
1.4190945140555904 0.9070618795496003 1.434428483396796 1.2448374417419688 0.9272233884888816 0.7596162806611083 -0.28488325560902233 0.9976771550008603 1.0037110775154134 1.0026322784956838 1.0899268386478416 0.21182066823517992 0.1785311051238364 17.645977684311077
0.5144301283262668 0.9555094004810488 0.5409453583583012 1.027598307051766 0.473721487469844 0.12486715311254629 0.5682058646821628 0.9808932711082557 1.09754952364526 1.0061096250224524 0.9611203831326991 -0.1966511193105807 -0.29350383351999787 59.979176524708905
0.694304864432887 0.8327515809302586 1.1819662625748801 1.337023680793934 0.12786642719742725 0.12606676043122958 -0.356575050860239 1.0129592098200582 0.9950010053710391 1.0069452826519203 0.8044435410500992 -0.060567992977489105 -0.012797252958235805 10.108202355181948
0.9323685612507091 0.8016716368929044 1.3587801783210904 0.7417865907892356 0.5876178042267296 0.1575439581613198 0.7608879376485822 0.9955848758544614 0.8327458882846348 0.9954088007311752 1.1159454987161712 0.12860475849195496 0.003709551008619194 52.85520997162499
0.5622026333455561 0.9246185326418874 0.6750153352043369 1.428554216308524 0.7363980991195677 0.5367943941516071 0.7295796919852742 0.9939796762858137 0.9408624836855582 0.9998619880195724 0.7704029907632972 -0.09477675327246862 0.03101981856398711 34.796041440171
1.097667062125143 0.9807327762562378 1.4195833260243709 1.4384560518111005 0.22273171085207838 0.6755167897322576 0.7909858083521433 1.0022669155045663 1.2463582083784523 1.0003270378724725 0.8631845911761723 -0.22489725643966463 -0.27488277240425746 39.0031060399888
0.8556570626395605 0.8526254007153978 1.1909514904576728 1.2180850529719205 0.7894702248180335 0.040108894400301395 0.7764147903743415 0.9899701001921503 1.144088205857486 0.9934679250492299 1.1269441014106942 -0.08083477763758623 0.23140105959037022 25.13772738871416
0.8184739874465502 0.8256595868469355 0.7622549528432958 1.170612322873188 0.6500233899950962 0.34053177759002434 -0.4049362059854164 1.0145789729940695 0.8439984088924035 1.0146756745144936 1.2159723914643155 -0.14622547406671263 -0.23221000254407156 31.7348850895682
1.2030102761704935 0.9940939162231749 1.0638662166784942 0.6315272806317664 0.723887412457368 0.8008381631847394 -0.13621427010060438 0.9863602945357853 0.9266569564311808 1.00103726197523 1.0486690322757561 -0.24356754567563924 -0.06593920075706738 11.919608766875523
0.7659931744636028 0.9300508124715017 0.706659207906132 0.5142425533726572 0.7195951043037987 0.6390557815211383 0.6323070000007764 1.012067991346575 0.9993844196547946 1.015736199682848 1.111309951603292 0.23366893363168234 -0.1965705330355939 45.5123927660553
0.9047010575873262 0.9658503530040773 1.4594854800960082 0.7084355567796805 0.3392801437412254 0.16815160178572344 0.24936588934539816 0.9925765705601826 0.8751137015081533 0.9963356260037385 1.1446226446856693 0.29601516188367444 -0.06675185235793618 55.37585198255133
0.771894552544791 0.9198703643056078 1.0543486637974322 0.5850856845938549 0.9439551991435001 0.8207142151199291 0.6916217989699713 1.0066501252231443 0.8245387908232369 0.9877945084936393 1.2101422270012256 -0.03274842854140203 -0.25352510567082215 7.590186294429766
1.1061219326618676 0.9612579519905425 1.232063002306266 0.9234410549182902 0.09745587155663143 0.8773717769868348 0.200937491841099 0.9887316883776023 0.8893499929731928 0.9967760299983154 0.7571204031265617 0.10388404372995164 -0.03722089860984584 40.14507265388634
0.8237420241875494 0.9081711771485222 0.7436504254491181 1.0224698173825877 0.010854328379533457 0.6733455879903577 0.6507737571195291 1.0008687100635305 0.8847625669313579 0.9939976149292274 0.754556631173826 -0.27127379632011606 -0.2398563743395048 9.801586602414401
0.6447332351796653 0.9934653374458171 0.7808957102919807 1.4030504253434857 0.291911885726094 0.4280959392272497 0.6611218942420962 0.9803640159741074 0.8314346314206652 0.9892847266072275 0.9184092911162192 0.27601261541242533 0.13075397655821003 24.52964974159124
1.313387059976038 0.9332829878901456 1.4643180614947375 0.5684622878368859 0.44271534170751975 0.15157184615005648 0.5506131512514039 0.9900533563537026 1.1911063382729632 0.9867036649547226 1.1224570573882349 -0.1686116944046673 -0.25542321452020667 12.330313256561304
0.98542201321941 0.8957788717178533 0.8856432228685256 0.5168825979271064 0.5309390714003803 0.17930399748246667 0.18192175064522143 0.9985793608802435 1.0344632378192407 1.0089622747547753 0.8262605338978677 -0.21555692847255736 -0.18749634869655174 2.060739490113197
1.4612427605419083 0.8639164460551929 1.4423290679223193 0.8389284877290326 0.39910008068777647 0.7266196014878429 -0.18289422380299875 1.0124250335148326 1.0622183732023696 1.0178034498132948 0.7784215932886229 0.197367473750665 -0.2719214598594213 4.218850089354243
1.21054170722152 0.9250925154072182 1.083171791344691 1.165094085434704 0.0831971735081504 0.10761523044951445 0.17402677605720052 0.9912419610329288 0.9870533019396739 0.9902208994145505 0.979291758932844 -0.007695075195316592 0.25968851950892463 49.3095790469199
1.0940663694721344 0.8694260972410436 1.439157371777057 0.714935520192675 0.05553401337637112 0.9742083437262139 0.49754720152787535 1.013736952046227 1.1085660802504178 0.99810133571035 0.9078552239256491 -0.1864564004637373 0.2956797737885976 23.393739373155817
1.036860732900978 0.9046085926772233 1.1453863302387144 1.0665515621001274 0.7910429068118274 0.19866145377726557 0.6207916843658408 0.9945962073365262 0.7506698034117333 1.018778527922836 1.1745165944896816 0.21495782551774506 0.2205370757399689 43.71791256716055
1.1021004976980247 0.9604695175170165 0.5860617794356953 1.3088527999787969 0.48044977240745085 0.9916636305969475 -0.06045888983335501 0.9884806930214338 1.093853796109813 0.984058212070178 0.9279454685679821 0.12007513902546052 0.26661370137411705 46.206569852683266
0.5249231191407357 0.8387948432139372 1.0854057283872678 1.1559450619459422 0.9800509712887586 0.39373426241036774 0.8353879737836369 0.9910190120702862 1.0255595002212285 0.9916964797736098 1.0941681812221506 -0.16070513637448847 0.25487294957593415 25.74884726408351
1.187098136739189 0.8899959671682576 0.9798848576174342 0.9370140381373467 0.6988593595222122 0.6994053192797931 0.7874029406305916 0.9966165367991556 0.9890379704955851 0.9968236851517888 1.058032328330091 0.2379972293266634 0.29745575800695373 3.9823386926433972
0.8668424234261792 0.8023171761483261 1.048871064038325 1.4431700204478028 0.041152767825883486 0.0794497598950106 -0.41521904839431395 1.0147061197550247 1.123119799279742 1.0094682084055484 1.0274018846305348 0.14750455532879647 0.1856435037973424 11.33415950818362
1.4979444852897708 0.9960576278058122 1.128281859284256 1.2148980071293747 0.4390770154534639 0.3612247548991667 -0.4009634811983569 1.0093076408335575 1.0737962647053538 1.0054974854596221 1.176153983075067 -0.2736815202371721 -0.22521764113253845 26.372071001696817
1.2978711291845269 0.805641853622452 0.503003365616783 1.2819557476806152 0.44708315068333665 0.74521012718861 0.30984814647877745 1.0018745646072442 1.0589065549550565 1.0164819555972695 0.8127799810913415 0.09544030647578716 -0.06009501637566636 5.461194440292176
0.5733312468374765 0.9789872676268 0.8583578411727544 0.9445868009696095 0.3038253187231846 0.313585901421537 -0.491144920626929 1.0174317154214676 0.9752302445023349 1.0031278592807618 1.0190358173180414 -0.003292000181742416 0.12615663259259896 17.33588986738133
1.331614124100432 0.8398129588128203 0.9993000391362328 1.0561774902932553 0.49821710999939045 0.6175338181502167 -0.22046867755058486 1.018265235178216 0.8725012112324824 0.9852779250768858 1.0422723345147884 -0.04192506337648211 0.08233919312393984 36.24401145729328
1.0589920069977095 0.8089091782261375 0.566765200113025 1.342038761015655 0.35452456676992833 0.8301509418812898 0.8043414163075346 0.9890800991779927 1.1468561391804122 0.9833870878704515 0.9030352907913193 0.12959735844034648 0.07011903781439588 49.627770612593174
1.278126696387638 0.8453875933683197 1.1725784454882067 1.3995750176590795 0.49166405412146463 0.37928833157457 -0.44785113427529877 0.9930148409019676 1.0461595804023585 0.9888794888057874 1.0808058974978756 0.29916291521024546 -0.09090073618737976 41.457309891991024
0.8012687081844019 0.8907625249775378 1.0037422377460579 1.3179006954119954 0.298106202047604 0.8707156913648468 -0.1081731767685028 1.0040665137500222 1.0163014469088538 0.9930071246198573 1.2000673570006317 0.12353195734974748 0.0022271554929946813 47.03415286965484
0.6540398252730232 0.9372056987773429 0.7745598922105361 0.5740033058129593 0.9459727169475065 0.7212830989756022 -0.3719133163043452 1.0048608854605952 0.807669904087797 1.017283861781423 0.829997127795372 -0.11000011426123044 -0.04448053847113359 36.31888543628052
0.8930041146256231 0.8482575851719006 0.5321610345235034 0.5259808232362998 0.1968481407139491 0.5318088056164457 0.26709499624909583 0.9974769723930234 0.9171776528197211 0.99252067992371 1.162792816235139 -0.20490239922026032 0.028478621445386598 39.49222184697634
0.9780748420252416 0.8129695433435267 0.596106546863716 0.801327918260519 0.5180988057297328 0.44030957952490224 0.5789187188094977 0.9918587365075091 1.1507127033584719 1.0103601708100336 1.1581104071745665 0.062363821025068156 0.2086343930912981 12.092267823179602
1.452876154387146 0.9595421230561945 1.4854067120831054 0.9034059811958683 0.23540756040447303 0.6935112092822252 0.5245020196245049 0.9978036634382731 1.161990686459177 1.0035593431231264 1.1814358126200173 -0.2186037198432501 -0.1435357768433245 20.15408860405042
0.61472302209878 0.8722564378059853 1.3549336574332476 0.6911486905463431 0.5143614580553142 0.5090977448060757 -0.26951089435318043 1.0192150518991765 1.1801203895552033 0.9948873641840209 1.0861633019182055 0.06878769340155522 -0.2297444811860707 40.5113186664582
0.6470856628104444 0.897937033252236 0.7460963809329779 0.7610371483767016 0.8966428681779722 0.14159958597863123 0.9808733618166674 1.0156350718065554 0.8822271104139574 1.0050520757509427 1.0537193105592566 0.1584214005792099 -0.16649578500142242 19.669175155210667
1.3741328579217988 0.9388556261225058 0.6164226326465211 1.0865492216594195 0.7734167826067071 0.31523894592023544 0.4570422079048371 0.996997045553123 0.8207070062034845 1.0131390673774083 0.8815498727506885 -0.15118663330489723 0.19262850844958757 1.7997462064628886
1.2459727926980673 0.8707181528620754 0.5067073763002652 1.2959836098024762 0.8215839750750048 0.6570772602111936 0.37955468017427285 0.9807099920791771 0.9937592210370367 0.9835889500648366 1.0321989155278195 0.012741523338077931 0.0903422167810623 2.718194755820703
1.423395845611323 0.866932264020783 1.279176494855569 1.0022939199716037 0.8942915350793941 0.6515429509753882 0.23280405061270604 1.0071564370906325 0.9134258947605854 0.9953875519886809 0.9476050888670544 0.19453856380945533 -0.1767889856603153 0.5402687339853984
0.5361724215312066 0.9101613152521192 1.4477145395811408 0.7766264987606213 0.9361590447064475 0.5125043757020772 -0.12378673934868822 0.9877069282778196 1.056712977849434 1.0074242707845018 1.1778924574601652 0.27382551937047045 0.22349225210423324 55.727685108726774
0.8959015355259093 0.8507978365126155 1.4764508590212355 1.1153097868367174 0.2818743970495731 0.2969387267508372 0.06048513571405911 0.9903509837585202 0.8053128654602124 1.0017175210774134 1.135161825201176 0.26514937124601773 -0.03230792204426258 33.079930570536476
0.7374577683477832 0.9350796481981938 0.5170758741626287 0.8336988090149244 0.05079175222480726 0.41095320964325116 0.918102152737255 1.0103322848798455 1.214310426669448 1.0024684029794984 0.8432268492376175 0.1605374681513106 -0.2032020568647252 52.31539843082432
0.6220708479075387 0.9211207714106747 0.8783608254014643 0.7368758773199015 0.40860223167813425 0.2892290917967507 0.2974392177682226 1.0127255234577706 1.1024173041417715 1.0101161473470388 1.2296471903008541 -0.12503715563229514 0.01211020754080927 30.715963660938137
0.6080835165258851 0.8289590451863221 0.9945833392114076 0.7198117517967606 0.11776461420937538 0.888866916878728 0.03976011009990865 0.9858695122910708 1.1273737212052493 0.9816757565895003 1.0557174396578244 -0.2193489930564418 -0.03489141286547337 5.130163212883209
1.3867847265214253 0.9751051107307896 1.2110973058237373 0.8581492563944997 0.07763032129091146 0.06534120762000586 0.463087352534463 1.0191537056585382 1.085612419353692 1.0047464738197054 1.0469205916280315 0.20577447185252767 -0.07493653265258782 15.219485849217074
1.2887706944972528 0.9899137881125226 0.8807769677867083 0.9624622642730942 0.8315324256289525 0.7629296688915551 -0.2126682740919697 1.0178357437196235 0.9368811590114995 0.9907933604651228 0.9332259136043967 0.07391612862416974 -0.27835812264359533 50.35608129278328
0.675930285924286 0.8927366230821185 1.302538385960872 1.3123828655193814 0.5909507021835763 0.608448049310911 0.07065622600541288 1.00346091026152 0.9795339937112661 0.987341611050353 0.9668496861537463 0.1897814430523002 0.2371484239140173 48.50830222326162
1.1647081219672522 0.987214647920151 0.6889016878359634 1.4484902698024782 0.6015465548385968 0.7727209790010106 -0.16370776981497587 0.9857514379346601 1.2330619205821742 1.0041088407822514 0.8601715915296548 -0.2464828083107441 0.08455663282459203 43.48093365913074
1.340097609045125 0.9425382286447395 0.6532075399252737 0.8919324642998401 0.6136934809796839 0.20086638826192452 0.5617277413938988 1.0086082015764253 1.0815890120415932 0.9855044210230209 0.9956699300956363 -0.14160817428209652 -0.07184498504860812 29.60816826482273
1.0891731090424002 0.9513526149349624 0.5265388550102098 0.7706158609690774 0.39192403339250714 0.8641333865927214 -0.38862587943122645 1.0143920545391554 0.7899382188259321 0.9972207211751195 1.2095253785295328 0.07190430641708256 -0.2960534247601537 55.90124202633315
1.1218142892935692 0.9626957246188786 1.1584174538989014 0.9579252931690736 0.5785945806644953 0.9154365373562985 -0.47156343311695004 0.9881609639303032 0.7705091816994776 0.9831937661688283 0.8460409335858609 0.22492455934694416 -0.10493960645628922 57.63134129993621
0.669108919803773 0.8033881716766464 1.4106752117513106 1.373641112841203 0.7602791505768124 0.0017316048395974238 0.6441925806775861 1.0095657897054053 1.0923365726633667 1.0108516216648036 0.7983192258224311 0.1841251516327959 0.19745956143685023 5.864700450240661
0.9092759207904608 0.8264931020737154 0.847354713204163 1.2074010606355208 0.0865030967394337 0.18736677590870748 0.4381931030390349 1.013872877934658 1.1342665746088882 1.0057423423292224 1.165432524523857 -0.1799518027206104 0.16515937870080694 31.48468250541207
1.4487799677620785 0.8200013524937766 1.1219694104982847 0.8119790500723771 0.9730486625486484 0.338951693612366 0.8188659719990501 1.0158914062339046 1.054831130163098 1.012265046451589 1.0399568658517657 0.08116943714811897 -0.21013429602536982 42.16651882990787
0.8137218918262483 0.9532788040645919 1.2210473505658532 1.3337121583363685 0.7493163262030917 0.27219249981020366 0.44599445330726883 1.0187116159169949 1.184283605205486 0.9801620204765717 1.0095233847694947 0.06481305159005035 0.21296610431140744 21.200344775353358
1.0509752511765984 0.9952874955745741 1.3219780185416798 0.9307859447865192 0.6056962144995007 0.5206550575599713 -0.25122759462059474 1.009065115050193 0.9839276727876933 1.0180959356574308 0.8982096528987513 -0.15742148473054668 0.2015612909341274 13.40671180094792
1.238309671665778 0.8354402305889637 0.8996328990733424 0.7256640760607582 0.7783307220404905 0.5790321315126827 0.716824341140371 0.9854178508682845 0.7829602231798017 1.0028793147975013 1.0155313427431214 -0.20268691987475562 0.23587262521978397 35.84294440773519
1.1403094425132743 0.9023536467376653 0.659852697332012 1.2532619043555906 0.9143574577505051 0.5741077180814148 0.2509610092091512 1.0002652245090178 0.8947307923927481 0.9922297995482713 0.8193682151697622 0.16754722023851348 0.29013863305560744 58.849420297318744
1.3246124527095415 0.8855642861030455 0.9445526380010663 0.6447709425015345 0.6157263297122559 0.48431574261463817 0.594063983165132 1.0155751634100998 0.9311674786386971 0.9992647291846982 0.7678580990477408 -0.05902759193555651 -0.11735067059120943 58.02627434098292
0.7146494695750537 0.8550068113879044 1.3324704172154838 0.7822721152451434 0.17628319889608088 0.5471662038716993 0.21363157263127674 1.008494939933175 1.2027013752667117 1.0117800157039878 1.1410004889908538 0.08781604098579754 -0.07753473212922343 33.81158680627521
1.4823066616429772 0.8748097035618561 1.342434543960977 0.7244446422587651 0.5395536661627295 0.7881697308828481 0.9077504374979068 0.9973479240262949 0.8676152758309648 0.9804888676771368 1.127802361348246 -0.14702700209665212 0.24857649940469057 40.487904063486475
0.6952910421439961 0.8999019964207315 0.5399257957157468 1.366484921410052 0.5703493563238228 0.7316686850768738 0.9452244899083371 0.9963090678715446 1.0972124347939538 1.0045696735731768 1.0054795537304706 0.13475070726684496 -0.2098558278725353 12.646211161833959
1.1543166718144455 0.9573255736291574 0.5784170481211036 1.0983394515254254 0.648620600559108 0.905772737393596 0.34491321982450196 0.9821062240658143 0.9610871075614986 0.9908408142691432 1.0112776551547369 0.2672991528801813 -0.1894677716907013 20.433270845891602
0.7092666204191124 0.8533054705787374 1.1121576515066405 1.2571867207811016 0.31577045981749 0.9001029690987654 0.41109651008635384 0.9864470213440687 1.2187050105006367 0.9910833840201138 0.968797454378384 -0.12084092836273197 0.037955143005660774 14.345467657938016
1.02290275145168 0.8006194671754433 1.4954028398850563 1.1344260684158498 0.9202100609252292 0.04703864918766694 0.8468230658653062 1.0096243466664754 0.8957638909839876 1.009984564725019 0.9373645363516925 -0.0766751228029417 -0.08045134349552363 7.830164175832226
0.6835430675574764 0.8065175178661445 0.8910967777532115 1.1802146457391878 0.035862200243063254 0.7356647492892202 0.08597281330453121 1.0130611586248124 1.2242489736353854 0.9977464891169923 1.1474929977960229 0.035461365280936796 -0.14637801913832085 15.669171238675613
1.1990088791408962 0.8941179308906732 1.2664291144960065 0.7308364187633933 0.16584981771245527 0.4970979158621376 -0.42963021883534325 0.9943984468221928 1.1869807763075695 0.9879761110866547 1.2045680250792141 0.055137817319486415 -0.12228147995161281 14.069821100141624
0.7275188141102887 0.8752662377628339 0.9540238913828989 0.5247192690770167 0.4338753771416042 0.5917824052491294 -0.3838416604364084 1.0028949511303857 1.1762539853741578 1.0001851885138358 1.0327537220035174 -0.22656824811966914 -0.029700030714630843 57.27699465009151
1.349070389591053 0.9466076936337428 1.1325310985666404 0.9984660396941797 0.37870660101285947 0.4704061187564124 0.3340857877283372 1.0047186201273512 1.0313520174241815 0.9845566772389369 0.8345406363901504 0.27235840556277197 -0.26667493952346416 27.61671358918364
1.2837330359717516 0.8218740655205194 0.8393781376332828 1.1099525492762035 0.9614800614277726 0.5846693443203785 -0.30955873470438267 1.0039579783664967 0.7793966691496004 0.9950603999063661 1.2395546808955409 0.21731411131808093 -0.28610739354985115 41.054048515557874
1.4723408157529008 0.8585955190541983 1.2876051389516232 0.8255670291527251 0.5010188962356926 0.05998896266343328 -0.19189526450421135 1.001776291401403 0.8389532436701196 1.0042665284018635 0.8020116080602427 0.039580612648760505 -0.1934545608080384 0.04656865790306195
0.5536812046164901 0.8048809472094604 1.2934006333695989 0.9715413094012788 0.6679253915827459 0.06244463676532797 0.9726047231286188 1.0107010641929657 0.8798882111832462 0.9915531000759691 0.7614008045396403 -0.04707000693990315 0.17661582635311734 24.863058996504503
1.3791618032269484 0.9140608130307329 1.3816489699056995 0.5058405463027988 0.904016775211439 0.7656932761523831 0.771544325940819 0.9941048517595032 1.1107228602998767 1.0004022426243755 0.7769134202579235 0.236376166579015 0.11438873596263266 32.56196611195857
1.27246496358294 0.9525621161852408 0.6809522301351207 0.8762135176103444 0.6855862736811347 0.02409809042954614 -0.22343651328816339 1.0195754655331986 1.022280683971457 1.0191179838539712 0.782362968156909 -0.04967909646931046 -0.09349675666532886 50.66898162153334
1.4142523429651872 0.8806251458556131 0.7927557028504623 0.6211247305054484 0.48602542585659747 0.11496196898876491 -0.09407931246764367 0.9846154932508548 0.8451781583733542 1.0067177035776418 1.0781751970315732 -0.13548818504317364 0.046233863346341164 1.074163493868764
1.0266914620568994 0.9713275959577787 0.6320932112193188 1.4902928856747626 0.1363878585361776 0.3571874476433781 -0.34704451574414796 1.0105138994184761 0.7758598368865592 1.0082087789186998 1.0707033478613555 -0.25030554487781054 -0.1726082968614443 48.917125186892015
0.5403289912965397 0.9567199082956475 1.1400175032580893 1.3574019796824768 0.004772333826169332 0.11713611678517921 -0.006666244149916789 1.0149087794408047 0.8631210698118494 1.017737658799501 0.8207617762402242 -0.2675343283094868 -0.08757798848813148 9.168727822823008
0.6189081901604531 0.8090265461982759 0.9481209348693853 1.2786430865753233 0.978993846972548 0.7435144548354781 0.671771323025081 1.0162254387904963 1.0713587460350869 1.003647937996859 1.233372831367394 -0.26145360038009624 0.24555456333965991 37.75150469836392
1.145617065508182 0.868326410584904 0.8092675025314784 0.5356629962839855 0.7846544886747612 0.9434010182004768 0.01296322276792261 0.9824620877201214 0.970162089280793 0.9829634209628455 0.8771170896487437 0.05166026072682556 -0.25093920024622457 10.320241390819989
0.5052254528255763 0.9273659841097316 0.8747611376724262 0.5486235688269907 0.2634012768361367 0.8146867532026405 -0.25709445859293606 1.0122764987557928 1.1138610155728514 0.9921864575147895 1.1919573028758648 0.26287523675152175 -0.24534745538472827 6.170972568355828
0.7434973870741279 0.9991940108455513 1.394948214333508 0.6588393145297244 0.8127904301705484 0.26988004027484364 0.11131712394173565 0.9989825758048572 1.1642867908795829 1.0018763518323277 1.193166238925851 0.005516178937892191 0.2863596815684993 32.7721728267822
0.5868880203133348 0.8148963785466827 0.9187993555137892 1.453000761907271 0.46420513389355456 0.4231826619295874 0.6028508302606777 0.9895160270566304 0.8404981370809406 1.0163248240647282 1.0613775085252837 0.11608375374561747 -0.12856226947761393 42.8104416440448
1.3633041506388044 0.9403255053066036 0.9842008860761746 0.5993853506481119 0.21645508677378344 0.24450674361438374 -0.17668826649065406 1.01859558829408 1.1784592037933246 1.0012859618980865 0.8302171142172293 -0.2818512055171603 0.1211988402358985 47.34343091964057
1.2443621749840386 0.9159598499966771 0.6415725682177054 1.4342561256617423 0.5096190508691888 0.03349798415035549 0.38700301333542975 1.0007283289842308 0.9335042815805404 1.0091973617258492 0.9440754083411469 -0.09263348643620792 0.18227596392291157 23.856946657341116
0.7641396231355063 0.8315821467599396 0.6391969166844383 1.1201525073371468 0.880853322730013 0.7082177364553858 0.18363700179230102 0.9960010901407326 1.1032137271067217 1.0140578788851018 0.9122788874734238 0.08516680708941421 0.19148144282807222 14.759374562830576
1.326832300835345 0.9184873666314332 1.408912194504522 1.1765486639303941 0.7518549395241936 0.7513337600822108 -0.3263011898926819 0.9922385438343504 0.7628473405934869 0.9849532086882642 0.8830142035742099 -0.23837426250292207 -0.19816461431301824 54.70258783107689
1.0617492167064526 0.974317325874991 0.9058502530114607 1.1138032854395805 0.8773270244550365 0.23409267580660123 0.7038947689497252 0.98440915312635 0.8104226558133907 1.0104170523410592 1.0513835013721384 -0.037941601826242344 0.27658852420876295 2.5285546524021805
1.005784945478318 0.8072653178327733 0.5549324373471802 1.1377965350881611 0.8496720641483799 0.5543895951780209 0.2244822016949245 0.9812613038533261 0.7998117938364083 0.990079693196879 1.1676506772321191 -0.19217057862650805 0.10608096433526687 52.52573831388084
0.5022244613383694 0.922484413916632 1.3630719140117744 1.0119964356583118 0.47966231320362734 0.2085770506346683 -0.06796488451270849 0.9997990300263498 0.8869902363641484 1.008097927697427 0.8745313601653817 -0.23031147712638486 0.10065300789134246 33.90446153529787
0.7782427740761215 0.8293037853781398 0.514886088967372 0.5774015987937111 0.062293436032283094 0.7816091472320762 -0.14645935308554614 0.9822317604081426 0.959844332165003 1.012834190508507 1.1721049843873823 0.20762649326959043 -0.11431823220933815 56.435992535938496
0.5790518608042162 0.8101844008040237 1.2411645753872917 1.2458669109940006 0.26502352859484796 0.9339460484627441 0.31385324643469636 0.9853481552389626 1.1399904034991744 0.9945599462346407 1.0665437217175755 0.2508592364886815 0.14424329194810487 47.483853261306685
1.1267100353856514 0.8111718686287918 0.666135092040048 0.8994406483558757 0.8022557717875839 0.48735515584598255 0.3590493466564266 1.0151260571505678 1.1961807167202962 0.9823495701063523 1.0638757944733794 0.10777408908786285 0.07951507708291244 22.934837942106743
1.0318298892926006 0.9797239276009997 0.8653026602828089 0.6109582874337512 0.06535387047020386 0.46495570191880975 -0.05501512547470111 1.0073044847044268 1.0845638194820202 1.0139144144500571 0.8650530126026075 0.1786084742267604 0.1555115087260357 2.130789487582017
0.7315350237916872 0.9477620685905984 0.7315949560278594 0.7658326927668895 0.5533283688428806 0.450380773004574 0.9020342518715181 1.0170700164727025 0.8578911956238587 1.0085490948808291 1.2403817281022285 0.15110474199518137 0.06541651294129924 1.405251731854778
1.0017392247204082 0.9919741968574575 1.257422036851373 0.6635413686987102 0.8585643930833332 0.9548519130409322 0.8340581397511222 0.9843024555704128 0.9113629876589053 1.0071626412706016 1.1014783896077809 -0.1291161967912973 -0.053012433017712995 18.386695123980918
0.7878576278243786 0.8446911968238274 0.9004299717982271 1.0606509626591212 0.8698602815203925 0.25757082005856624 -0.035759112225191125 0.9948002798046964 1.1933341692307626 0.9982135323048495 1.213723626888869 -0.28705665603939484 0.27209821700279196 37.47421647375758
0.9107754738032854 0.8242718678008364 1.248983630772258 0.7041615476113032 0.19281755701123018 0.4911773317107344 -0.4351457287588216 0.9909015023115038 0.8604528195344324 1.019277279472796 1.186216286318346 0.0018302119927122718 0.13778553859214504 43.01483079018196
1.2678184762488751 0.830103208693616 1.0915761119513 1.2304929414519519 0.2565930080249696 0.0077612629440771096 0.5276648295964446 1.011851164392948 0.793692525508964 1.0087337926570545 0.9770725878278292 0.09645751076910575 0.04180924343078524 45.681549309415786
0.5309948012841927 0.9700871861206224 0.5825213194692506 0.7487966506977093 0.31329161112178 0.7791918040732025 0.2630617188087869 0.9861505126161453 1.0668531446692653 0.9928188483850872 1.1240733941329246 -0.10570290021485831 -0.27950874027884215 35.213084509634115
1.114172684389344 0.9344754251323266 1.3251342943949118 1.2393619747047313 0.006886742996855318 0.7985772202430942 -0.13007758050628132 0.9987717395380837 0.8664397251300588 0.9806310364399959 0.9843744782661549 0.18771641762129126 0.2677050906551905 25.97695037919803
0.835819258592912 0.9587654714327077 1.3383613508624608 1.3505530647613444 0.7588526460168612 0.5985632583227256 0.9524967243989255 0.9916580484299057 1.0138238444406502 1.0058456126914224 0.891239752662426 -0.015518784276610575 0.06141764617753881 44.81234213457201
1.07585014002729 0.8848979629876561 1.494285782518428 0.8092064964760637 0.429461385116269 0.02575226845766071 0.16559393409863177 0.9836386911187398 0.8186528418981356 1.009287756597628 0.7939576516394677 0.22154026185328662 -0.132362643091093 22.582712931074077
1.3652563493560639 0.833159522270395 0.8101570084624734 0.6785135903827817 0.0944930431018529 0.6238106870791292 0.04378746535039557 0.9819073815612968 1.0369578430232247 1.0007350769408658 0.8961942063732719 -0.07122476668346339 -0.18571209729633265 10.880833645754857
1.3048684672269895 0.842582459777115 1.1085294456151806 0.9273694714487977 0.7280579875709383 0.7131263689331505 -0.31846610521847596 0.9935746534308411 1.0117623589079745 1.0143250606435028 0.7844867908723617 -0.2343894347811134 0.023637002488585468 58.338158974415975
0.5906661240098888 0.954182032623283 0.7858725968192737 1.1919008199809134 0.806270478548777 0.8844521005408572 -0.021951224590026963 0.9897550267963791 0.9694684805889985 0.9927927756656949 0.998015389123889 -0.09713983646240248 0.20446287421822357 19.0612136231663
1.4598330502471288 0.8461159758997585 1.0140295121676814 1.4872173949074607 0.22613940283853337 0.8553705813292503 0.1192935795045642 1.0031934213831546 0.9289613206493068 0.9971821854596163 1.2217275950481679 -0.16415591982376085 -0.18230465678078048 51.00161406115782
1.262462266697015 0.8733720493062045 1.2712501162731784 1.0814002090360846 0.03137432074267842 0.2166693150234671 0.43445560160856433 1.0064197451107686 1.2493639464796098 1.0118953745841885 0.759823308039746 -0.21028195765846913 -0.11393034220732393 3.543916637721916
1.0484706710717064 0.8775522948087358 1.2518225737211877 1.3225488676516195 0.7007031166082063 0.27809238715083845 0.48333723093296577 0.981558192332941 1.1891359995496267 1.0166961525565101 0.7667815033558945 0.19816933549322968 0.11966221585222447 0.8233281719624004
1.080450664001412 0.9814085539142761 0.6994391483852888 1.0338801635240054 0.10104089648216703 0.10351755508584784 -0.07500698785381554 0.9947129011546295 0.9900719912285901 1.0121893126465287 1.1140266426970231 -0.12720329709477377 -0.1783902763387199 4.888939393824606
0.5555538303842571 0.9237291164274515 0.718171298060821 1.1500610020489423 0.14492443605025337 0.6116530600556871 0.9573124437042322 1.0089453920418323 1.1672810172630854 0.9918865541223404 1.1302789164473324 -0.01942521164118388 0.26176435048163443 17.81912249038685
