1.000000000000000000e+00 1.000000000000000000e+00 1.000000000000000000e+00 1.000000000000000000e+00 1.000000000000000000e+00 0.000000000000000000e+00 0.000000000000000000e+00 1.007882832549691354e+00 1.229112239724385880e+00 9.903784638379906635e-01 1.166935321583807195e+00 -3.476857353909414972e-01 6.479277581526787788e-02 0.000000000000000000e+00
1.000000000000000000e+00 1.000000000000000000e+00 1.000000000000000000e+00 1.000000000000000000e+00 1.000000000000000000e+00 0.000000000000000000e+00 0.000000000000000000e+00 9.841813137334585182e-01 1.099668349880288609e+00 9.701241514631038232e-01 1.081178594063466836e+00 9.264904220696679182e-02 -4.844737493818290774e-02 0.000000000000000000e+00
1.000000000000000000e+00 1.000000000000000000e+00 1.000000000000000000e+00 1.000000000000000000e+00 1.000000000000000000e+00 0.000000000000000000e+00 0.000000000000000000e+00 9.912295292419596171e-01 2.485699296973472805e+00 1.005846795707559416e+00 9.900342021470269760e-01 -1.415476877702457337e-01 1.963803649651813532e-01 0.000000000000000000e+00
1.000000000000000000e+00 1.000000000000000000e+00 1.000000000000000000e+00 1.000000000000000000e+00 1.000000000000000000e+00 0.000000000000000000e+00 0.000000000000000000e+00 9.598442946958706257e-01 1.029193235231101955e+00 1.007261720039246855e+00 5.275872754801103071e-01 8.964885113104725800e-02 2.945558454728916531e-01 0.000000000000000000e+00
1.000000000000000000e+00 1.000000000000000000e+00 1.000000000000000000e+00 1.000000000000000000e+00 1.000000000000000000e+00 0.000000000000000000e+00 0.000000000000000000e+00 9.765863204218823146e-01 2.532869887777077444e+00 9.847407182400568226e-01 4.724234236473807691e-01 3.744320184134974916e-02 2.861864975755701312e-02 0.000000000000000000e+00
1.000000000000000000e+00 1.000000000000000000e+00 1.000000000000000000e+00 1.000000000000000000e+00 1.000000000000000000e+00 0.000000000000000000e+00 0.000000000000000000e+00 1.017764398071837606e+00 1.245801892055102389e+00 1.007078243322607980e+00 4.978439570499716971e-01 1.568962479602188376e-01 -1.589096864519129737e-01 0.000000000000000000e+00
1.000000000000000000e+00 1.000000000000000000e+00 1.000000000000000000e+00 1.000000000000000000e+00 1.000000000000000000e+00 0.000000000000000000e+00 0.000000000000000000e+00 1.010307891938486913e+00 2.446749788139237047e+00 9.929925020250277568e-01 7.201103079441235622e-01 1.731446542965786595e-02 -2.749225623632945981e-01 0.000000000000000000e+00
1.000000000000000000e+00 1.000000000000000000e+00 1.000000000000000000e+00 1.000000000000000000e+00 1.000000000000000000e+00 0.000000000000000000e+00 0.000000000000000000e+00 9.861586764167084018e-01 2.428745810462178412e+00 9.917544231101519392e-01 6.509525143936132352e-01 -1.138154067622902943e-01 -2.104039468924169265e-01 0.000000000000000000e+00
1.000000000000000000e+00 1.000000000000000000e+00 1.000000000000000000e+00 1.000000000000000000e+00 1.000000000000000000e+00 0.000000000000000000e+00 0.000000000000000000e+00 9.054475557404272346e-01 1.159851816935460800e+00 9.983374037420805758e-01 1.098169294412562724e+00 -2.075182494873192285e-01 -2.582651052370840694e-01 0.000000000000000000e+00
1.000000000000000000e+00 1.000000000000000000e+00 1.000000000000000000e+00 1.000000000000000000e+00 1.000000000000000000e+00 0.000000000000000000e+00 0.000000000000000000e+00 1.001851482188887976e+00 8.771543498826451790e-01 1.023935747245291461e+00 7.318111523890862280e-01 -1.835364214361681623e-01 1.849425384727732546e-01 0.000000000000000000e+00
1.000000000000000000e+00 1.000000000000000000e+00 1.000000000000000000e+00 1.000000000000000000e+00 1.000000000000000000e+00 0.000000000000000000e+00 0.000000000000000000e+00 1.019694056135210136e+00 1.208240616025356040e+00 1.018137627952242719e+00 3.978149237155062523e-01 -6.039413353604229373e-01 2.873573288511865331e-01 0.000000000000000000e+00
1.000000000000000000e+00 1.000000000000000000e+00 1.000000000000000000e+00 1.000000000000000000e+00 1.000000000000000000e+00 0.000000000000000000e+00 0.000000000000000000e+00 9.375121624873524739e-01 2.077229415379984623e+00 1.012432591059888587e+00 8.922112423062491526e-01 -5.971015946006112962e-01 -3.252854052120420225e-01 0.000000000000000000e+00
1.000000000000000000e+00 1.000000000000000000e+00 1.000000000000000000e+00 1.000000000000000000e+00 1.000000000000000000e+00 0.000000000000000000e+00 0.000000000000000000e+00 9.327028784488371471e-01 2.364249012370656544e+00 9.949914961867490915e-01 7.858558759917910752e-01 -8.863424085509497008e-02 5.883148205302041189e-02 0.000000000000000000e+00
1.000000000000000000e+00 1.000000000000000000e+00 1.000000000000000000e+00 1.000000000000000000e+00 1.000000000000000000e+00 0.000000000000000000e+00 0.000000000000000000e+00 9.774877694643090420e-01 2.544444024366018908e+00 9.798829090911740369e-01 9.222334742837789978e-01 -2.229234517590342746e-01 -8.121258570811096256e-02 0.000000000000000000e+00
1.000000000000000000e+00 1.000000000000000000e+00 1.000000000000000000e+00 1.000000000000000000e+00 1.000000000000000000e+00 0.000000000000000000e+00 0.000000000000000000e+00 9.587085871274694249e-01 1.760723897465924059e+00 1.027140877669768582e+00 1.206918358444381223e+00 1.192659590212034049e-01 3.971146811601378168e-02 0.000000000000000000e+00
1.000000000000000000e+00 1.000000000000000000e+00 1.000000000000000000e+00 1.000000000000000000e+00 1.000000000000000000e+00 0.000000000000000000e+00 0.000000000000000000e+00 9.067229743567507549e-01 1.777226280624523369e+00 1.013763058657482841e+00 8.732868196578451592e-01 -2.368881854876235815e-01 1.359401875717081709e-01 0.000000000000000000e+00
1.000000000000000000e+00 1.000000000000000000e+00 1.000000000000000000e+00 1.000000000000000000e+00 1.000000000000000000e+00 0.000000000000000000e+00 0.000000000000000000e+00 9.260896227010201320e-01 2.050500279496876743e+00 1.002829441513808373e+00 9.067431652837849576e-01 -6.141212425113253826e-01 -1.683471465210367723e-02 0.000000000000000000e+00
1.000000000000000000e+00 1.000000000000000000e+00 1.000000000000000000e+00 1.000000000000000000e+00 1.000000000000000000e+00 0.000000000000000000e+00 0.000000000000000000e+00 9.817787208021793166e-01 9.457969894003430689e-01 1.014326019433423154e+00 5.095881233020215229e-01 -4.619572422303853676e-01 -2.112782738860997378e-01 0.000000000000000000e+00
1.000000000000000000e+00 1.000000000000000000e+00 1.000000000000000000e+00 1.000000000000000000e+00 1.000000000000000000e+00 0.000000000000000000e+00 0.000000000000000000e+00 9.233945882583133313e-01 1.328176463872005497e+00 9.768773672619132098e-01 8.546117296291253496e-01 -2.743450465026535112e-01 -1.171268362483607883e-01 0.000000000000000000e+00
1.000000000000000000e+00 1.000000000000000000e+00 1.000000000000000000e+00 1.000000000000000000e+00 1.000000000000000000e+00 0.000000000000000000e+00 0.000000000000000000e+00 9.220305707741751622e-01 1.994676772225879802e+00 9.894422536644935651e-01 7.679982442027202261e-01 -1.009245689215938491e-01 4.907887855297843327e-02 0.000000000000000000e+00
1.000000000000000000e+00 1.000000000000000000e+00 1.000000000000000000e+00 1.000000000000000000e+00 1.000000000000000000e+00 0.000000000000000000e+00 0.000000000000000000e+00 9.567591751541453249e-01 1.554109219359565142e+00 1.024139334890256992e+00 4.160184160565123523e-01 -5.702995311149036128e-01 1.055529416457010594e-01 0.000000000000000000e+00
1.000000000000000000e+00 1.000000000000000000e+00 1.000000000000000000e+00 1.000000000000000000e+00 1.000000000000000000e+00 0.000000000000000000e+00 0.000000000000000000e+00 9.967949557298615426e-01 2.037245615710460811e+00 1.022215324971496475e+00 1.239201409805446907e+00 -6.472408902336481695e-01 -3.164258899306863770e-01 0.000000000000000000e+00
1.000000000000000000e+00 1.000000000000000000e+00 1.000000000000000000e+00 1.000000000000000000e+00 1.000000000000000000e+00 0.000000000000000000e+00 0.000000000000000000e+00 9.132023322052891245e-01 2.193772416109411871e+00 1.008885419683993367e+00 7.564549260854511736e-01 -1.694211158334554268e-01 8.717225937834344185e-02 0.000000000000000000e+00
1.000000000000000000e+00 1.000000000000000000e+00 1.000000000000000000e+00 1.000000000000000000e+00 1.000000000000000000e+00 0.000000000000000000e+00 0.000000000000000000e+00 9.404753852042516682e-01 2.214893980643834581e+00 1.009688520346067042e+00 1.132293127750167550e+00 5.677784880630087905e-03 -1.310628040496209790e-01 0.000000000000000000e+00
1.000000000000000000e+00 1.000000000000000000e+00 1.000000000000000000e+00 1.000000000000000000e+00 1.000000000000000000e+00 0.000000000000000000e+00 0.000000000000000000e+00 9.697139871854452142e-01 9.568878049985474199e-01 1.025365646490262739e+00 4.308526427099955147e-01 -3.818804897494224582e-01 3.178773995325605006e-01 0.000000000000000000e+00
1.000000000000000000e+00 1.000000000000000000e+00 1.000000000000000000e+00 1.000000000000000000e+00 1.000000000000000000e+00 0.000000000000000000e+00 0.000000000000000000e+00 9.033381343518022133e-01 2.377226559520224214e+00 9.912041037074786898e-01 5.339158014417835219e-01 7.522083742273033558e-02 -7.230565608472411254e-02 0.000000000000000000e+00
1.000000000000000000e+00 1.000000000000000000e+00 1.000000000000000000e+00 1.000000000000000000e+00 1.000000000000000000e+00 0.000000000000000000e+00 0.000000000000000000e+00 9.247158416027181360e-01 9.960089526390147885e-01 9.833004421739212075e-01 1.122754766817995353e+00 -3.211358855858298944e-01 -1.062344122958579218e-01 0.000000000000000000e+00
1.000000000000000000e+00 1.000000000000000000e+00 1.000000000000000000e+00 1.000000000000000000e+00 1.000000000000000000e+00 0.000000000000000000e+00 0.000000000000000000e+00 1.003127596999932036e+00 2.323390041147592733e+00 9.884820521416378680e-01 7.772373518971626982e-01 1.617073334933277762e-01 -2.421291254365644519e-01 0.000000000000000000e+00
1.000000000000000000e+00 1.000000000000000000e+00 1.000000000000000000e+00 1.000000000000000000e+00 1.000000000000000000e+00 0.000000000000000000e+00 0.000000000000000000e+00 1.010520746577273421e+00 2.267382256752298098e+00 9.838851962999020095e-01 8.448543874138301213e-01 -4.232399432751968726e-01 -1.949633578073743101e-01 0.000000000000000000e+00
1.000000000000000000e+00 1.000000000000000000e+00 1.000000000000000000e+00 1.000000000000000000e+00 1.000000000000000000e+00 0.000000000000000000e+00 0.000000000000000000e+00 9.041544558166904055e-01 1.068105864849053344e+00 9.788760830291305393e-01 6.003679691016299280e-01 3.021368391327483582e-02 -3.011474547501876153e-01 0.000000000000000000e+00
1.000000000000000000e+00 1.000000000000000000e+00 1.000000000000000000e+00 1.000000000000000000e+00 1.000000000000000000e+00 0.000000000000000000e+00 0.000000000000000000e+00 9.715170542490978445e-01 2.625402677990266387e+00 1.016638835582891920e+00 7.140559847151821682e-01 -2.535060348215170678e-01 -8.621428307173412131e-02 0.000000000000000000e+00
1.000000000000000000e+00 1.000000000000000000e+00 1.000000000000000000e+00 1.000000000000000000e+00 1.000000000000000000e+00 0.000000000000000000e+00 0.000000000000000000e+00 9.508789386112268538e-01 1.445846112195137145e+00 9.709733781802188934e-01 1.186973449505757117e+00 -6.256520436939438934e-01 6.083304619690699244e-03 0.000000000000000000e+00
1.000000000000000000e+00 1.000000000000000000e+00 1.000000000000000000e+00 1.000000000000000000e+00 1.000000000000000000e+00 0.000000000000000000e+00 0.000000000000000000e+00 9.401612835389531186e-01 1.658858294184568205e+00 1.003653271017309612e+00 1.221727952443945275e+00 -5.368075274147472431e-01 2.067285054483247175e-01 0.000000000000000000e+00
1.000000000000000000e+00 1.000000000000000000e+00 1.000000000000000000e+00 1.000000000000000000e+00 1.000000000000000000e+00 0.000000000000000000e+00 0.000000000000000000e+00 9.887143579187935849e-01 1.622157861382128585e+00 9.764376590866338246e-01 8.143706253519202853e-01 -5.926631691852096706e-01 -5.844990101811098349e-02 0.000000000000000000e+00
1.000000000000000000e+00 1.000000000000000000e+00 1.000000000000000000e+00 1.000000000000000000e+00 1.000000000000000000e+00 0.000000000000000000e+00 0.000000000000000000e+00 9.711845529768815544e-01 1.814593653668257200e+00 1.001433851079430060e+00 1.091728955628006315e+00 -3.282987808575674182e-01 7.585495238047523792e-03 0.000000000000000000e+00
1.000000000000000000e+00 1.000000000000000000e+00 1.000000000000000000e+00 1.000000000000000000e+00 1.000000000000000000e+00 0.000000000000000000e+00 0.000000000000000000e+00 9.819034477193454569e-01 1.039719393456784102e+00 9.939208348184357389e-01 8.026890224272280605e-01 1.437098426706195919e-01 2.476115997920134704e-01 0.000000000000000000e+00
1.000000000000000000e+00 1.000000000000000000e+00 1.000000000000000000e+00 1.000000000000000000e+00 1.000000000000000000e+00 0.000000000000000000e+00 0.000000000000000000e+00 9.117557229259006801e-01 1.927692075249519910e+00 9.775481894984180409e-01 8.886140255431478341e-01 2.451331530303946238e-01 3.287461543916784801e-01 0.000000000000000000e+00
1.000000000000000000e+00 1.000000000000000000e+00 1.000000000000000000e+00 1.000000000000000000e+00 1.000000000000000000e+00 0.000000000000000000e+00 0.000000000000000000e+00 9.995634525855096042e-01 1.465985559479443534e+00 1.012934949180535282e+00 9.795722079725139864e-01 -2.121215589889324793e-02 -1.577404075972546338e-01 0.000000000000000000e+00
1.000000000000000000e+00 1.000000000000000000e+00 1.000000000000000000e+00 1.000000000000000000e+00 1.000000000000000000e+00 0.000000000000000000e+00 0.000000000000000000e+00 9.975274318207224544e-01 1.949937019055697274e+00 9.749637311821713892e-01 1.047341191178965847e+00 -4.111908236695033247e-01 1.837657744559500483e-01 0.000000000000000000e+00
1.000000000000000000e+00 1.000000000000000000e+00 1.000000000000000000e+00 1.000000000000000000e+00 1.000000000000000000e+00 0.000000000000000000e+00 0.000000000000000000e+00 9.484628356380934155e-01 1.639423113813947452e+00 1.004822037075829400e+00 1.066822853177226804e+00 -3.633771587929057190e-01 -2.199514084929427571e-01 0.000000000000000000e+00
1.000000000000000000e+00 1.000000000000000000e+00 1.000000000000000000e+00 1.000000000000000000e+00 1.000000000000000000e+00 0.000000000000000000e+00 0.000000000000000000e+00 9.303818022154308753e-01 1.180054653060054637e+00 1.020128906677636227e+00 7.388978174760654216e-01 2.103741352666206321e-01 9.324972895952865493e-02 0.000000000000000000e+00
1.000000000000000000e+00 1.000000000000000000e+00 1.000000000000000000e+00 1.000000000000000000e+00 1.000000000000000000e+00 0.000000000000000000e+00 0.000000000000000000e+00 9.023603527871572050e-01 1.964134659934944072e+00 1.029111277239617817e+00 4.579220273080087944e-01 -5.429098741331128686e-03 -1.896832543202646160e-01 0.000000000000000000e+00
1.000000000000000000e+00 1.000000000000000000e+00 1.000000000000000000e+00 1.000000000000000000e+00 1.000000000000000000e+00 0.000000000000000000e+00 0.000000000000000000e+00 1.026237957714448923e+00 2.027035038870343975e+00 1.011868204054702014e+00 7.763044117984573278e-01 1.017460421622137234e-01 -1.487721127878078586e-01 0.000000000000000000e+00
1.000000000000000000e+00 1.000000000000000000e+00 1.000000000000000000e+00 1.000000000000000000e+00 1.000000000000000000e+00 0.000000000000000000e+00 0.000000000000000000e+00 9.152620840649505762e-01 1.837844211564190200e+00 9.999768492565378475e-01 1.180145202795142234e+00 -3.976585088610797292e-01 2.394056717683420987e-01 0.000000000000000000e+00
1.000000000000000000e+00 1.000000000000000000e+00 1.000000000000000000e+00 1.000000000000000000e+00 1.000000000000000000e+00 0.000000000000000000e+00 0.000000000000000000e+00 9.480980959514245798e-01 1.701596974979648680e+00 1.002122388578758905e+00 1.030021659260455635e+00 1.884414459933917430e-01 6.866934640137056789e-02 0.000000000000000000e+00
1.000000000000000000e+00 1.000000000000000000e+00 1.000000000000000000e+00 1.000000000000000000e+00 1.000000000000000000e+00 0.000000000000000000e+00 0.000000000000000000e+00 1.024030229547689075e+00 1.510578880501930676e+00 9.744491905338381610e-01 7.507153310038359173e-01 -3.522075053359430274e-02 -1.723624090032516987e-01 0.000000000000000000e+00
1.000000000000000000e+00 1.000000000000000000e+00 1.000000000000000000e+00 1.000000000000000000e+00 1.000000000000000000e+00 0.000000000000000000e+00 0.000000000000000000e+00 9.655104795830602438e-01 2.573480165604744130e+00 1.015517231149814181e+00 8.484217621184073632e-01 2.228608431145077118e-01 -1.338794318843440356e-01 0.000000000000000000e+00
1.000000000000000000e+00 1.000000000000000000e+00 1.000000000000000000e+00 1.000000000000000000e+00 1.000000000000000000e+00 0.000000000000000000e+00 0.000000000000000000e+00 9.578051081426488533e-01 1.785677029284710171e+00 9.865170423339285621e-01 9.275657377943458126e-01 -4.429114238920071611e-01 8.413752567538451688e-02 0.000000000000000000e+00
1.000000000000000000e+00 1.000000000000000000e+00 1.000000000000000000e+00 1.000000000000000000e+00 1.000000000000000000e+00 0.000000000000000000e+00 0.000000000000000000e+00 1.001132647465271530e+00 2.280812475862110666e+00 9.740136426859103969e-01 1.119605673318690320e+00 6.379127393042216543e-02 -9.387766890352713944e-02 0.000000000000000000e+00
1.000000000000000000e+00 1.000000000000000000e+00 1.000000000000000000e+00 1.000000000000000000e+00 1.000000000000000000e+00 0.000000000000000000e+00 0.000000000000000000e+00 1.014719075061533138e+00 1.345038458822789273e+00 9.795320511656424589e-01 6.904581703878267529e-01 -4.950437487533806413e-01 2.134173345618600726e-02 0.000000000000000000e+00
1.000000000000000000e+00 1.000000000000000000e+00 1.000000000000000000e+00 1.000000000000000000e+00 1.000000000000000000e+00 0.000000000000000000e+00 0.000000000000000000e+00 9.313276134580656951e-01 2.116508855407223777e+00 1.004433606689981273e+00 6.776392153196355572e-01 -4.868258271268915971e-01 -3.201511943815765759e-01 0.000000000000000000e+00
1.000000000000000000e+00 1.000000000000000000e+00 1.000000000000000000e+00 1.000000000000000000e+00 1.000000000000000000e+00 0.000000000000000000e+00 0.000000000000000000e+00 9.635028835277580361e-01 1.387679996678751859e+00 1.018851260175065443e+00 4.132790879410014884e-01 -2.433189118761999725e-01 1.556162558860320067e-01 0.000000000000000000e+00
1.000000000000000000e+00 1.000000000000000000e+00 1.000000000000000000e+00 1.000000000000000000e+00 1.000000000000000000e+00 0.000000000000000000e+00 0.000000000000000000e+00 9.531251850230292311e-01 1.280983606177334533e+00 9.857492159468277393e-01 1.005780115730732893e+00 -5.553485368956823098e-01 -1.190564481966137622e-01 0.000000000000000000e+00
1.000000000000000000e+00 1.000000000000000000e+00 1.000000000000000000e+00 1.000000000000000000e+00 1.000000000000000000e+00 0.000000000000000000e+00 0.000000000000000000e+00 9.378810298303615900e-01 1.680799981577703717e+00 1.024740555807182263e+00 9.584845262698723500e-01 2.347482352491275792e-01 3.017204416863040195e-01 0.000000000000000000e+00
1.000000000000000000e+00 1.000000000000000000e+00 1.000000000000000000e+00 1.000000000000000000e+00 1.000000000000000000e+00 0.000000000000000000e+00 0.000000000000000000e+00 9.611454938205195031e-01 2.502063245571322980e+00 9.927598510861845860e-01 1.161614093988112328e+00 -5.322060677980456900e-01 -2.523868897548656731e-01 0.000000000000000000e+00
1.000000000000000000e+00 1.000000000000000000e+00 1.000000000000000000e+00 1.000000000000000000e+00 1.000000000000000000e+00 0.000000000000000000e+00 0.000000000000000000e+00 9.171305686242720023e-01 2.125403272610462579e+00 1.017445823593168042e+00 1.076469152293515696e+00 -3.118205282723933713e-01 -4.553574746371558124e-02 0.000000000000000000e+00
1.000000000000000000e+00 1.000000000000000000e+00 1.000000000000000000e+00 1.000000000000000000e+00 1.000000000000000000e+00 0.000000000000000000e+00 0.000000000000000000e+00 9.008213054911186068e-01 1.582721253764230118e+00 1.010441922117794933e+00 6.963784073565471022e-01 2.316522102740387057e-01 7.653784381150813276e-02 0.000000000000000000e+00
1.000000000000000000e+00 1.000000000000000000e+00 1.000000000000000000e+00 1.000000000000000000e+00 1.000000000000000000e+00 0.000000000000000000e+00 0.000000000000000000e+00 9.342077421230192691e-01 2.579462471983077876e+00 1.009405733085463996e+00 5.772574321847759871e-01 2.917097089194372606e-01 2.687965577443445775e-01 0.000000000000000000e+00
1.000000000000000000e+00 1.000000000000000000e+00 1.000000000000000000e+00 1.000000000000000000e+00 1.000000000000000000e+00 0.000000000000000000e+00 0.000000000000000000e+00 9.649379090371239531e-01 1.364897849791733453e+00 9.823697274496663301e-01 9.425989791394425721e-01 -4.146516185474196092e-01 2.009828435666718982e-01 0.000000000000000000e+00
1.000000000000000000e+00 1.000000000000000000e+00 1.000000000000000000e+00 1.000000000000000000e+00 1.000000000000000000e+00 0.000000000000000000e+00 0.000000000000000000e+00 9.191367145771939251e-01 1.896288402566870701e+00 9.988984466789101457e-01 5.544148805899140608e-01 1.765342466769899143e-01 -1.783706328183798095e-01 0.000000000000000000e+00
1.000000000000000000e+00 1.000000000000000000e+00 1.000000000000000000e+00 1.000000000000000000e+00 1.000000000000000000e+00 0.000000000000000000e+00 0.000000000000000000e+00 9.900916957095842186e-01 1.077894141103175496e+00 9.734752817812677428e-01 8.257532537490807067e-01 -6.646688137364764604e-02 1.135844258790253414e-01 0.000000000000000000e+00
1.000000000000000000e+00 1.000000000000000000e+00 1.000000000000000000e+00 1.000000000000000000e+00 1.000000000000000000e+00 0.000000000000000000e+00 0.000000000000000000e+00 9.099828161860181730e-01 2.602521251127761115e+00 1.029737127382370554e+00 7.035675795654352527e-01 -3.047749950088489146e-01 -2.466100460402061989e-01 0.000000000000000000e+00
1.000000000000000000e+00 1.000000000000000000e+00 1.000000000000000000e+00 1.000000000000000000e+00 1.000000000000000000e+00 0.000000000000000000e+00 0.000000000000000000e+00 1.028345375345546486e+00 1.863404458946795295e+00 1.027745133447075965e+00 6.568584220681736863e-01 -5.253782370613360175e-01 1.671456685981297929e-01 0.000000000000000000e+00
1.000000000000000000e+00 1.000000000000000000e+00 1.000000000000000000e+00 1.000000000000000000e+00 1.000000000000000000e+00 0.000000000000000000e+00 0.000000000000000000e+00 1.018965223601777659e+00 1.493849402533492743e+00 9.870764096268925814e-01 5.828009758066615698e-01 2.837631839489781482e-01 -2.773125538110819410e-01 0.000000000000000000e+00
1.000000000000000000e+00 1.000000000000000000e+00 1.000000000000000000e+00 1.000000000000000000e+00 1.000000000000000000e+00 0.000000000000000000e+00 0.000000000000000000e+00 9.924372844328424037e-01 1.597372052864541203e+00 1.003306984413249614e+00 1.144578510688457396e+00 -5.774201253897465191e-01 3.050626931285466692e-01 0.000000000000000000e+00
1.000000000000000000e+00 1.000000000000000000e+00 1.000000000000000000e+00 1.000000000000000000e+00 1.000000000000000000e+00 0.000000000000000000e+00 0.000000000000000000e+00 9.673787434997078716e-01 7.885519650578530770e-01 1.023097628080331223e+00 6.284129572505493533e-01 -2.169302917577243250e-01 1.601045208392896102e-01 0.000000000000000000e+00
1.000000000000000000e+00 1.000000000000000000e+00 1.000000000000000000e+00 1.000000000000000000e+00 1.000000000000000000e+00 0.000000000000000000e+00 0.000000000000000000e+00 9.084582031579053751e-01 2.403815723024203432e+00 9.874145249990260442e-01 9.964949866674017720e-01 -5.093031660150240114e-01 2.540892701327541192e-01 0.000000000000000000e+00
1.000000000000000000e+00 1.000000000000000000e+00 1.000000000000000000e+00 1.000000000000000000e+00 1.000000000000000000e+00 0.000000000000000000e+00 0.000000000000000000e+00 9.207079186952894512e-01 1.718633048438883648e+00 9.818670748793022485e-01 1.153609675775995269e+00 -4.373514288755098178e-02 2.832930522138714102e-01 0.000000000000000000e+00
1.000000000000000000e+00 1.000000000000000000e+00 1.000000000000000000e+00 1.000000000000000000e+00 1.000000000000000000e+00 0.000000000000000000e+00 0.000000000000000000e+00 9.462694329170693308e-01 1.734646573338026965e+00 1.021520478525735021e+00 1.241693965487100648e+00 -9.022320481093337730e-02 2.200534894178523548e-01 0.000000000000000000e+00
1.000000000000000000e+00 1.000000000000000000e+00 1.000000000000000000e+00 1.000000000000000000e+00 1.000000000000000000e+00 0.000000000000000000e+00 0.000000000000000000e+00 1.013064607791614780e+00 9.276629234194192497e-01 9.887194381252286668e-01 9.057889770793856599e-01 -5.426126914570772453e-02 3.110004740218308972e-01 0.000000000000000000e+00
1.000000000000000000e+00 1.000000000000000000e+00 1.000000000000000000e+00 1.000000000000000000e+00 1.000000000000000000e+00 0.000000000000000000e+00 0.000000000000000000e+00 1.004904248292292079e+00 1.197095511571069526e+00 9.802190812682299859e-01 6.424530695592745033e-01 -4.351132020013123713e-01 -2.002496694319839399e-01 0.000000000000000000e+00
1.000000000000000000e+00 1.000000000000000000e+00 1.000000000000000000e+00 1.000000000000000000e+00 1.000000000000000000e+00 0.000000000000000000e+00 0.000000000000000000e+00 1.008509536362657277e+00 8.469750384044963942e-01 1.016976922684234896e+00 5.108405083503164690e-01 -2.648280587545677189e-01 -5.710691555879665593e-03 0.000000000000000000e+00
1.000000000000000000e+00 1.000000000000000000e+00 1.000000000000000000e+00 1.000000000000000000e+00 1.000000000000000000e+00 0.000000000000000000e+00 0.000000000000000000e+00 9.439295707473246422e-01 8.975690954981063729e-01 1.014738445756994345e+00 5.490417065003632136e-01 -2.798324057199839676e-01 2.732043919127589704e-01 0.000000000000000000e+00
1.000000000000000000e+00 1.000000000000000000e+00 1.000000000000000000e+00 1.000000000000000000e+00 1.000000000000000000e+00 0.000000000000000000e+00 0.000000000000000000e+00 9.741987246557075597e-01 1.110235342755534038e+00 9.714753050982044558e-01 6.675172378872141765e-01 -1.943542302080777384e-01 1.510720204064519567e-02 0.000000000000000000e+00
1.000000000000000000e+00 1.000000000000000000e+00 1.000000000000000000e+00 1.000000000000000000e+00 1.000000000000000000e+00 0.000000000000000000e+00 0.000000000000000000e+00 1.023296745993715895e+00 2.240623400947896471e+00 9.974067654354277224e-01 8.351669318600629666e-01 -3.455215685798855851e-01 1.460342485120925127e-01 0.000000000000000000e+00
1.000000000000000000e+00 1.000000000000000000e+00 1.000000000000000000e+00 1.000000000000000000e+00 1.000000000000000000e+00 0.000000000000000000e+00 0.000000000000000000e+00 9.545872036263699512e-01 1.273102624773252867e+00 9.813643588465752465e-01 4.616324575775166972e-01 2.721395606983315618e-01 -2.673075507446905363e-01 0.000000000000000000e+00
1.000000000000000000e+00 1.000000000000000000e+00 1.000000000000000000e+00 1.000000000000000000e+00 1.000000000000000000e+00 0.000000000000000000e+00 0.000000000000000000e+00 9.729729491112236728e-01 1.391533182726579110e+00 1.020421230703310256e+00 8.708437009382573590e-01 1.701112569089062720e-01 -3.169724196858275667e-02 0.000000000000000000e+00
1.000000000000000000e+00 1.000000000000000000e+00 1.000000000000000000e+00 1.000000000000000000e+00 1.000000000000000000e+00 0.000000000000000000e+00 0.000000000000000000e+00 9.555795936771920296e-01 1.436060527271015630e+00 1.001188829503932842e+00 6.198826286378449346e-01 -7.560561787019848268e-02 1.108305849477238536e-01 0.000000000000000000e+00
1.000000000000000000e+00 1.000000000000000000e+00 1.000000000000000000e+00 1.000000000000000000e+00 1.000000000000000000e+00 0.000000000000000000e+00 0.000000000000000000e+00 9.442435485797411321e-01 1.846808828301596428e+00 1.000159021168461004e+00 4.816057365232889742e-01 4.387579305682665076e-02 1.398272709911039802e-01 0.000000000000000000e+00
1.000000000000000000e+00 1.000000000000000000e+00 1.000000000000000000e+00 1.000000000000000000e+00 1.000000000000000000e+00 0.000000000000000000e+00 0.000000000000000000e+00 1.025676530468834891e+00 2.463175954477746288e+00 9.909594356926295644e-01 1.208777112560381450e+00 -3.924675428786906228e-01 -1.671738129836583542e-01 0.000000000000000000e+00
1.000000000000000000e+00 1.000000000000000000e+00 1.000000000000000000e+00 1.000000000000000000e+00 1.000000000000000000e+00 0.000000000000000000e+00 0.000000000000000000e+00 9.938238115534809847e-01 1.530015849770465231e+00 9.780622948772252911e-01 6.339816345324196245e-01 -1.299162680016782145e-01 -2.879896199450749372e-01 0.000000000000000000e+00
1.000000000000000000e+00 1.000000000000000000e+00 1.000000000000000000e+00 1.000000000000000000e+00 1.000000000000000000e+00 0.000000000000000000e+00 0.000000000000000000e+00 9.875553875673813709e-01 2.307041837301542664e+00 9.963304638754439946e-01 1.014007624567454968e+00 -2.903496760936948307e-01 -1.426923534026807161e-01 0.000000000000000000e+00
1.000000000000000000e+00 1.000000000000000000e+00 1.000000000000000000e+00 1.000000000000000000e+00 1.000000000000000000e+00 0.000000000000000000e+00 0.000000000000000000e+00 1.013566909600903676e+00 8.389671725296494742e-01 1.006161923021932303e+00 5.414367598725757791e-01 2.037138031363450175e-01 1.287137204343323793e-01 0.000000000000000000e+00
1.000000000000000000e+00 1.000000000000000000e+00 1.000000000000000000e+00 1.000000000000000000e+00 1.000000000000000000e+00 0.000000000000000000e+00 0.000000000000000000e+00 9.244239470433301964e-01 1.410644707175518597e+00 1.026701448646907266e+00 1.023432016695825730e+00 3.792528978765141723e-03 2.613901136897255895e-01 0.000000000000000000e+00
1.000000000000000000e+00 1.000000000000000000e+00 1.000000000000000000e+00 1.000000000000000000e+00 1.000000000000000000e+00 0.000000000000000000e+00 0.000000000000000000e+00 9.791795894135285616e-01 1.988441726722286251e+00 1.021957789353223012e+00 1.058538052095008064e+00 5.912092892996057003e-02 -3.098233269769189446e-01 0.000000000000000000e+00
1.000000000000000000e+00 1.000000000000000000e+00 1.000000000000000000e+00 1.000000000000000000e+00 1.000000000000000000e+00 0.000000000000000000e+00 0.000000000000000000e+00 9.851884637400011302e-01 9.042442986551187944e-01 9.757673931755300734e-01 5.675390005502368718e-01 -5.529934069755582104e-01 3.584667052700452050e-02 0.000000000000000000e+00
1.000000000000000000e+00 1.000000000000000000e+00 1.000000000000000000e+00 1.000000000000000000e+00 1.000000000000000000e+00 0.000000000000000000e+00 0.000000000000000000e+00 9.161524638655115238e-01 8.090004078100365703e-01 9.977035750880315357e-01 5.941307089318710322e-01 -4.557567542384547976e-01 -2.962145556521508238e-01 0.000000000000000000e+00
1.000000000000000000e+00 1.000000000000000000e+00 1.000000000000000000e+00 1.000000000000000000e+00 1.000000000000000000e+00 0.000000000000000000e+00 0.000000000000000000e+00 1.006404587713421561e+00 9.816919381336287609e-01 9.828233588637137474e-01 4.490991713158952736e-01 2.572091914443005445e-01 2.174473521797269382e-01 0.000000000000000000e+00
1.000000000000000000e+00 1.000000000000000000e+00 1.000000000000000000e+00 1.000000000000000000e+00 1.000000000000000000e+00 0.000000000000000000e+00 0.000000000000000000e+00 1.021680350491913858e+00 1.915546017674287116e+00 1.026156064141568791e+00 9.325793102719036609e-01 -2.726965738581599297e-02 -3.821396420164296925e-02 0.000000000000000000e+00
1.000000000000000000e+00 1.000000000000000000e+00 1.000000000000000000e+00 1.000000000000000000e+00 1.000000000000000000e+00 0.000000000000000000e+00 0.000000000000000000e+00 9.295865920405845806e-01 2.092315714367849022e+00 1.015994997380555542e+00 4.005351300704699802e-01 -4.995319918431593287e-01 -1.027320964689799332e-01 0.000000000000000000e+00
1.000000000000000000e+00 1.000000000000000000e+00 1.000000000000000000e+00 1.000000000000000000e+00 1.000000000000000000e+00 0.000000000000000000e+00 0.000000000000000000e+00 9.501627127422693775e-01 2.409133024534135359e+00 1.019224690920833121e+00 4.406812684294595939e-01 -1.261103196940875915e-01 1.759428434411846598e-01 0.000000000000000000e+00
1.000000000000000000e+00 1.000000000000000000e+00 1.000000000000000000e+00 1.000000000000000000e+00 1.000000000000000000e+00 0.000000000000000000e+00 0.000000000000000000e+00 9.682262356094009093e-01 2.146879844264995896e+00 9.945742946540889751e-01 1.039330531498058097e+00 2.694005971978289393e-01 -6.165703327980476267e-02 0.000000000000000000e+00
1.000000000000000000e+00 1.000000000000000000e+00 1.000000000000000000e+00 1.000000000000000000e+00 1.000000000000000000e+00 0.000000000000000000e+00 0.000000000000000000e+00 1.016692535934708763e+00 2.342829722390939118e+00 9.855122993670525355e-01 1.230650350250977798e+00 1.280898532128414979e-01 1.192279075292124735e-01 0.000000000000000000e+00
1.000000000000000000e+00 1.000000000000000000e+00 1.000000000000000000e+00 1.000000000000000000e+00 1.000000000000000000e+00 0.000000000000000000e+00 0.000000000000000000e+00 1.029410384479854557e+00 2.217948212407201858e+00 9.726142901643535232e-01 8.065226452808704760e-01 -1.518273997019770616e-01 -7.673965650857283993e-02 0.000000000000000000e+00
1.000000000000000000e+00 1.000000000000000000e+00 1.000000000000000000e+00 1.000000000000000000e+00 1.000000000000000000e+00 0.000000000000000000e+00 0.000000000000000000e+00 9.428467566163951652e-01 1.303150211720505158e+00 1.011124546264750901e+00 9.565705793278124203e-01 -4.750045068250317026e-01 -2.165666180771474991e-02 0.000000000000000000e+00
1.000000000000000000e+00 1.000000000000000000e+00 1.000000000000000000e+00 1.000000000000000000e+00 1.000000000000000000e+00 0.000000000000000000e+00 0.000000000000000000e+00 9.112046148825285741e-01 2.168792023413973702e+00 9.953383097783384814e-01 4.927046788969227098e-01 -1.876499114910053501e-01 2.300136942601477830e-01 0.000000000000000000e+00
1.000000000000000000e+00 1.000000000000000000e+00 1.000000000000000000e+00 1.000000000000000000e+00 1.000000000000000000e+00 0.000000000000000000e+00 0.000000000000000000e+00 9.281884716768662447e-01 1.131134053549607055e+00 9.723770392965234155e-01 1.106699456603500220e+00 -1.564096001404979286e-01 -2.247717937926368981e-01 0.000000000000000000e+00
1.000000000000000000e+00 1.000000000000000000e+00 1.000000000000000000e+00 1.000000000000000000e+00 1.000000000000000000e+00 0.000000000000000000e+00 0.000000000000000000e+00 9.803972324819243411e-01 7.660943887716896716e-01 1.008105683459155966e+00 6.135310983176581745e-01 -6.349768858424268414e-01 -1.130620164104195746e-02 0.000000000000000000e+00
1.000000000000000000e+00 1.000000000000000000e+00 1.000000000000000000e+00 1.000000000000000000e+00 1.000000000000000000e+00 0.000000000000000000e+00 0.000000000000000000e+00 9.353192140344950278e-01 1.573342585596900989e+00 9.969936930775468165e-01 9.715914398027406529e-01 1.318774064919613354e-01 2.367798714456803011e-01 0.000000000000000000e+00
1.000000000000000000e+00 1.000000000000000000e+00 1.000000000000000000e+00 1.000000000000000000e+00 1.000000000000000000e+00 0.000000000000000000e+00 0.000000000000000000e+00 9.950344801671526795e-01 7.732157475335854624e-01 1.028399713610975263e+00 1.191791243999019922e+00 -3.679397640934705116e-01 -2.371685718442412272e-01 0.000000000000000000e+00
