1.000000000000000000e+00 1.000000000000000000e+00 1.000000000000000000e+00 1.000000000000000000e+00 1.000000000000000000e+00 0.000000000000000000e+00 0.000000000000000000e+00 1.004147269531408870e+00 1.103325929371974823e+00 9.950397770304226785e-01 1.071898602261540656e+00 -1.408079380146003701e-01 -8.495576509725313863e-02 0.000000000000000000e+00
1.000000000000000000e+00 1.000000000000000000e+00 1.000000000000000000e+00 1.000000000000000000e+00 1.000000000000000000e+00 0.000000000000000000e+00 0.000000000000000000e+00 1.009515523641699719e+00 1.148235861039941685e+00 9.920116430594496659e-01 8.766185868231037848e-01 1.415371556915035467e-01 1.471605920472697226e-01 0.000000000000000000e+00
1.000000000000000000e+00 1.000000000000000000e+00 1.000000000000000000e+00 1.000000000000000000e+00 1.000000000000000000e+00 0.000000000000000000e+00 0.000000000000000000e+00 1.003621605116596482e+00 9.365119577398015593e-01 9.939931303347486757e-01 9.043448688111056510e-01 2.087065692986300181e-01 2.302304294945049512e-01 0.000000000000000000e+00
1.000000000000000000e+00 1.000000000000000000e+00 1.000000000000000000e+00 1.000000000000000000e+00 1.000000000000000000e+00 0.000000000000000000e+00 0.000000000000000000e+00 1.005679957831283611e+00 9.548377195073016743e-01 9.960414383423682461e-01 1.109525498877575123e+00 -7.021425650401763585e-02 9.629964915583288931e-02 0.000000000000000000e+00
1.000000000000000000e+00 1.000000000000000000e+00 1.000000000000000000e+00 1.000000000000000000e+00 1.000000000000000000e+00 0.000000000000000000e+00 0.000000000000000000e+00 9.906857802312375449e-01 9.141374604027414641e-01 1.000353764788067590e+00 9.360709569266530972e-01 -1.633576535350052261e-01 2.192107737906180964e-01 0.000000000000000000e+00
1.000000000000000000e+00 1.000000000000000000e+00 1.000000000000000000e+00 1.000000000000000000e+00 1.000000000000000000e+00 0.000000000000000000e+00 0.000000000000000000e+00 9.950637188720229398e-01 1.054836327679804509e+00 1.006167757671280416e+00 1.035020385804301002e+00 -2.637617965499989836e-01 -2.943878777780719047e-01 0.000000000000000000e+00
1.000000000000000000e+00 1.000000000000000000e+00 1.000000000000000000e+00 1.000000000000000000e+00 1.000000000000000000e+00 0.000000000000000000e+00 0.000000000000000000e+00 1.000306805886238770e+00 9.475610189087244617e-01 9.908299211430839915e-01 1.118301739622078905e+00 2.101775242743970096e-01 1.103935323075250219e-01 0.000000000000000000e+00
1.000000000000000000e+00 1.000000000000000000e+00 1.000000000000000000e+00 1.000000000000000000e+00 1.000000000000000000e+00 0.000000000000000000e+00 0.000000000000000000e+00 9.913556513383150470e-01 1.031219085604255126e+00 1.003674345903813991e+00 1.002990020896712853e+00 -7.529351962343014404e-02 3.608356449116317810e-02 0.000000000000000000e+00
1.000000000000000000e+00 1.000000000000000000e+00 1.000000000000000000e+00 1.000000000000000000e+00 1.000000000000000000e+00 0.000000000000000000e+00 0.000000000000000000e+00 9.979936591313910421e-01 8.952506889304372439e-01 1.002559597854397522e+00 9.574638064378991897e-01 9.633341727615984951e-02 -2.537570385127962957e-01 0.000000000000000000e+00
1.000000000000000000e+00 1.000000000000000000e+00 1.000000000000000000e+00 1.000000000000000000e+00 1.000000000000000000e+00 0.000000000000000000e+00 0.000000000000000000e+00 9.962458152670777833e-01 1.124057250833605304e+00 9.995069161100419430e-01 1.023307039309633959e+00 -2.361483458310338901e-01 -2.428242260675021469e-01 0.000000000000000000e+00
1.000000000000000000e+00 1.000000000000000000e+00 1.000000000000000000e+00 1.000000000000000000e+00 1.000000000000000000e+00 0.000000000000000000e+00 0.000000000000000000e+00 1.008861077292594111e+00 1.022408287109485503e+00 1.007528443517086147e+00 1.025741717156312349e+00 4.671513942890226367e-02 1.890638896174188233e-01 0.000000000000000000e+00
1.000000000000000000e+00 1.000000000000000000e+00 1.000000000000000000e+00 1.000000000000000000e+00 1.000000000000000000e+00 0.000000000000000000e+00 0.000000000000000000e+00 9.927606749247777085e-01 9.078960056346541130e-01 1.008308924918103422e+00 1.017683278226090060e+00 1.348352212123534177e-01 -6.212861693644133876e-02 0.000000000000000000e+00
1.000000000000000000e+00 1.000000000000000000e+00 1.000000000000000000e+00 1.000000000000000000e+00 1.000000000000000000e+00 0.000000000000000000e+00 0.000000000000000000e+00 1.000716197351475989e+00 8.770994158585725398e-01 1.008786935322142364e+00 9.304418421022525587e-01 -2.106230280390154475e-01 -7.641052296809511257e-02 0.000000000000000000e+00
1.000000000000000000e+00 1.000000000000000000e+00 1.000000000000000000e+00 1.000000000000000000e+00 1.000000000000000000e+00 0.000000000000000000e+00 0.000000000000000000e+00 9.934144028267379856e-01 1.036512167934931838e+00 1.000824018580772856e+00 9.553499778426217670e-01 -1.990510290804822502e-01 2.113702551063714741e-01 0.000000000000000000e+00
1.000000000000000000e+00 1.000000000000000000e+00 1.000000000000000000e+00 1.000000000000000000e+00 1.000000000000000000e+00 0.000000000000000000e+00 0.000000000000000000e+00 1.002332317912387527e+00 9.563231651735282224e-01 9.977742733186130142e-01 9.253522973051658829e-01 7.519708709149186543e-02 -1.970654074351981255e-01 0.000000000000000000e+00
1.000000000000000000e+00 1.000000000000000000e+00 1.000000000000000000e+00 1.000000000000000000e+00 1.000000000000000000e+00 0.000000000000000000e+00 0.000000000000000000e+00 1.007956976521039438e+00 9.431664429279550399e-01 1.000173949318804656e+00 9.318224393289560314e-01 -2.097648003899193481e-01 1.950848804261383074e-01 0.000000000000000000e+00
1.000000000000000000e+00 1.000000000000000000e+00 1.000000000000000000e+00 1.000000000000000000e+00 1.000000000000000000e+00 0.000000000000000000e+00 0.000000000000000000e+00 9.964576562036026042e-01 9.745140179553879456e-01 1.002484775506401249e+00 1.051692883656727417e+00 -5.180547520239295323e-02 -1.918183293893530317e-01 0.000000000000000000e+00
1.000000000000000000e+00 1.000000000000000000e+00 1.000000000000000000e+00 1.000000000000000000e+00 1.000000000000000000e+00 0.000000000000000000e+00 0.000000000000000000e+00 1.009416032088433779e+00 9.312035771686739682e-01 1.009155382948002888e+00 8.754716800898237894e-01 -2.017529337028176606e-01 1.462630344057832543e-01 0.000000000000000000e+00
1.000000000000000000e+00 1.000000000000000000e+00 1.000000000000000000e+00 1.000000000000000000e+00 1.000000000000000000e+00 0.000000000000000000e+00 0.000000000000000000e+00 1.003125174426495070e+00 1.128774224776749158e+00 9.906931060892120167e-01 1.093647836712014154e+00 4.252590344211953921e-02 7.325612357628930038e-02 0.000000000000000000e+00
1.000000000000000000e+00 1.000000000000000000e+00 1.000000000000000000e+00 1.000000000000000000e+00 1.000000000000000000e+00 0.000000000000000000e+00 0.000000000000000000e+00 9.991795141242498790e-01 1.113675739110506324e+00 9.945767459300907110e-01 1.046219728105420188e+00 5.370777449071373333e-02 -1.262645206308396773e-01 0.000000000000000000e+00
1.000000000000000000e+00 1.000000000000000000e+00 1.000000000000000000e+00 1.000000000000000000e+00 1.000000000000000000e+00 0.000000000000000000e+00 0.000000000000000000e+00 9.968733019659700156e-01 9.823648172784247290e-01 1.003066406843635905e+00 8.713569310504942766e-01 -3.398681770000938629e-02 2.658799113285296722e-01 0.000000000000000000e+00
1.000000000000000000e+00 1.000000000000000000e+00 1.000000000000000000e+00 1.000000000000000000e+00 1.000000000000000000e+00 0.000000000000000000e+00 0.000000000000000000e+00 1.005887911417092884e+00 1.043353419385057546e+00 1.008184505300992795e+00 1.014833807785421094e+00 -2.690830807903186184e-01 1.382322667192831256e-01 0.000000000000000000e+00
1.000000000000000000e+00 1.000000000000000000e+00 1.000000000000000000e+00 1.000000000000000000e+00 1.000000000000000000e+00 0.000000000000000000e+00 0.000000000000000000e+00 9.900873778829456517e-01 1.081196522161728124e+00 9.994174153450806619e-01 9.163170881302027393e-01 2.265154627752508087e-02 -1.573627354071588103e-01 0.000000000000000000e+00
1.000000000000000000e+00 1.000000000000000000e+00 1.000000000000000000e+00 1.000000000000000000e+00 1.000000000000000000e+00 0.000000000000000000e+00 0.000000000000000000e+00 1.006906926177145056e+00 1.107744300684700756e+00 9.969594551538837335e-01 9.198507025256963399e-01 -2.171798761601667627e-02 1.785694105598342185e-01 0.000000000000000000e+00
1.000000000000000000e+00 1.000000000000000000e+00 1.000000000000000000e+00 1.000000000000000000e+00 1.000000000000000000e+00 0.000000000000000000e+00 0.000000000000000000e+00 9.938695102236323464e-01 1.029217691890965236e+00 1.009344319548829194e+00 1.131820292630000502e+00 6.293370877166248878e-03 1.331016691279155451e-01 0.000000000000000000e+00
1.000000000000000000e+00 1.000000000000000000e+00 1.000000000000000000e+00 1.000000000000000000e+00 1.000000000000000000e+00 0.000000000000000000e+00 0.000000000000000000e+00 9.966385618540665181e-01 8.746151370348742571e-01 9.973057198844159643e-01 9.528887377968587868e-01 2.443692891843344817e-01 -3.177088341856454390e-02 0.000000000000000000e+00
1.000000000000000000e+00 1.000000000000000000e+00 1.000000000000000000e+00 1.000000000000000000e+00 1.000000000000000000e+00 0.000000000000000000e+00 0.000000000000000000e+00 9.999232282703525154e-01 8.539766781199776835e-01 9.976343342043628715e-01 8.934877557304646833e-01 1.202075759196888916e-01 2.984466596401826322e-01 0.000000000000000000e+00
1.000000000000000000e+00 1.000000000000000000e+00 1.000000000000000000e+00 1.000000000000000000e+00 1.000000000000000000e+00 0.000000000000000000e+00 0.000000000000000000e+00 1.003551370356700501e+00 1.044963773828388565e+00 9.924511068628385502e-01 1.080486194394460586e+00 -1.870398748095363772e-01 -1.632727645138021266e-02 0.000000000000000000e+00
1.000000000000000000e+00 1.000000000000000000e+00 1.000000000000000000e+00 1.000000000000000000e+00 1.000000000000000000e+00 0.000000000000000000e+00 0.000000000000000000e+00 1.005419077194674715e+00 9.628507457895911781e-01 9.931178251868429951e-01 9.817156593931599673e-01 -7.071533554233344621e-03 2.891077067388699295e-01 0.000000000000000000e+00
1.000000000000000000e+00 1.000000000000000000e+00 1.000000000000000000e+00 1.000000000000000000e+00 1.000000000000000000e+00 0.000000000000000000e+00 0.000000000000000000e+00 1.006252924947811600e+00 1.067021672304075297e+00 9.935650209200557192e-01 9.701357384072150092e-01 8.949507362877179295e-02 -1.556139066060527598e-01 0.000000000000000000e+00
1.000000000000000000e+00 1.000000000000000000e+00 1.000000000000000000e+00 1.000000000000000000e+00 1.000000000000000000e+00 0.000000000000000000e+00 0.000000000000000000e+00 9.915814349684325402e-01 9.772973525198743738e-01 9.961780536048954193e-01 1.095982943377875829e+00 1.296792472027879506e-01 1.292148167515837498e-01 0.000000000000000000e+00
1.000000000000000000e+00 1.000000000000000000e+00 1.000000000000000000e+00 1.000000000000000000e+00 1.000000000000000000e+00 0.000000000000000000e+00 0.000000000000000000e+00 1.009628440923618475e+00 9.288749124353914421e-01 9.998898608679365196e-01 9.379447530763564966e-01 6.296526619671338754e-02 5.310561561670412711e-02 0.000000000000000000e+00
1.000000000000000000e+00 1.000000000000000000e+00 1.000000000000000000e+00 1.000000000000000000e+00 1.000000000000000000e+00 0.000000000000000000e+00 0.000000000000000000e+00 1.003364355148999021e+00 8.920520864689063245e-01 1.001068977777885616e+00 1.135156910138447550e+00 1.530711497819464140e-01 -1.402515191019510221e-01 0.000000000000000000e+00
1.000000000000000000e+00 1.000000000000000000e+00 1.000000000000000000e+00 1.000000000000000000e+00 1.000000000000000000e+00 0.000000000000000000e+00 0.000000000000000000e+00 9.903755310672247569e-01 9.796693166894658855e-01 1.001643126173695997e+00 1.129217336350875511e+00 -2.601063343047460008e-01 -2.154814212246427274e-01 0.000000000000000000e+00
1.000000000000000000e+00 1.000000000000000000e+00 1.000000000000000000e+00 1.000000000000000000e+00 1.000000000000000000e+00 0.000000000000000000e+00 0.000000000000000000e+00 1.004333742822961728e+00 9.213296475082584092e-01 1.002254381178868670e+00 1.041201323474986173e+00 2.766085179448741216e-01 -2.050402255061012369e-02 0.000000000000000000e+00
1.000000000000000000e+00 1.000000000000000000e+00 1.000000000000000000e+00 1.000000000000000000e+00 1.000000000000000000e+00 0.000000000000000000e+00 0.000000000000000000e+00 1.002729171186154566e+00 1.127272512517991876e+00 1.002925132998355062e+00 1.013418711274592487e+00 2.327311923316370268e-01 -1.184501877581195517e-01 0.000000000000000000e+00
1.000000000000000000e+00 1.000000000000000000e+00 1.000000000000000000e+00 1.000000000000000000e+00 1.000000000000000000e+00 0.000000000000000000e+00 0.000000000000000000e+00 1.000926679092108751e+00 1.077523027847938186e+00 1.002374299794402512e+00 9.465278762655242595e-01 1.185936081604203052e-01 1.240797583212661648e-01 0.000000000000000000e+00
1.000000000000000000e+00 1.000000000000000000e+00 1.000000000000000000e+00 1.000000000000000000e+00 1.000000000000000000e+00 0.000000000000000000e+00 0.000000000000000000e+00 1.005224203226279478e+00 1.008633806487484241e+00 9.971579293418678658e-01 9.906483576677462821e-01 -2.680141293627941179e-02 -9.696655239197896070e-02 0.000000000000000000e+00
1.000000000000000000e+00 1.000000000000000000e+00 1.000000000000000000e+00 1.000000000000000000e+00 1.000000000000000000e+00 0.000000000000000000e+00 0.000000000000000000e+00 9.924249087052329221e-01 8.769569141418058766e-01 9.974300618789104789e-01 9.208577031340935415e-01 1.640961664874479586e-02 2.843525382419414549e-01 0.000000000000000000e+00
1.000000000000000000e+00 1.000000000000000000e+00 1.000000000000000000e+00 1.000000000000000000e+00 1.000000000000000000e+00 0.000000000000000000e+00 0.000000000000000000e+00 1.006324001039844873e+00 1.141743379040316420e+00 9.986119988450429252e-01 9.519751188166278855e-01 -1.178425203109202402e-01 2.938152384360697700e-01 0.000000000000000000e+00
1.000000000000000000e+00 1.000000000000000000e+00 1.000000000000000000e+00 1.000000000000000000e+00 1.000000000000000000e+00 0.000000000000000000e+00 0.000000000000000000e+00 1.003087585281202010e+00 1.017698063167485900e+00 9.965267433356682636e-01 1.060128589525065834e+00 2.587678707102263886e-01 -4.444018883908573692e-02 0.000000000000000000e+00
1.000000000000000000e+00 1.000000000000000000e+00 1.000000000000000000e+00 1.000000000000000000e+00 1.000000000000000000e+00 0.000000000000000000e+00 0.000000000000000000e+00 9.953609561566996167e-01 9.571484263035052731e-01 9.999899231897010354e-01 9.179467936753510360e-01 -3.954695969366101016e-02 1.801657180381671108e-01 0.000000000000000000e+00
1.000000000000000000e+00 1.000000000000000000e+00 1.000000000000000000e+00 1.000000000000000000e+00 1.000000000000000000e+00 0.000000000000000000e+00 0.000000000000000000e+00 9.912832738462857840e-01 9.337434513480832310e-01 9.933322205376151626e-01 1.119698240893457708e+00 -6.277020189740464828e-02 -2.836158680980430669e-01 0.000000000000000000e+00
1.000000000000000000e+00 1.000000000000000000e+00 1.000000000000000000e+00 1.000000000000000000e+00 1.000000000000000000e+00 0.000000000000000000e+00 0.000000000000000000e+00 1.000523886656945249e+00 1.104121946767246953e+00 1.006056216574140461e+00 1.065138180347026120e+00 1.041811574242147431e-01 2.778568355228613895e-01 0.000000000000000000e+00
1.000000000000000000e+00 1.000000000000000000e+00 1.000000000000000000e+00 1.000000000000000000e+00 1.000000000000000000e+00 0.000000000000000000e+00 0.000000000000000000e+00 1.001218211628660093e+00 9.495642071657484085e-01 9.940225334404921842e-01 1.066750293629634916e+00 -7.371938421202342551e-02 -3.443103761767168924e-02 0.000000000000000000e+00
1.000000000000000000e+00 1.000000000000000000e+00 1.000000000000000000e+00 1.000000000000000000e+00 1.000000000000000000e+00 0.000000000000000000e+00 0.000000000000000000e+00 9.963748494682760359e-01 1.120936966774384702e+00 9.911137946256093345e-01 1.050112260970680778e+00 -2.418955434612050370e-01 -1.927954156406111175e-01 0.000000000000000000e+00
1.000000000000000000e+00 1.000000000000000000e+00 1.000000000000000000e+00 1.000000000000000000e+00 1.000000000000000000e+00 0.000000000000000000e+00 0.000000000000000000e+00 1.008916416422551698e+00 8.970270637879547149e-01 1.008553830754601810e+00 9.621423446831274262e-01 -2.662127867167933259e-01 5.412934836937743910e-02 0.000000000000000000e+00
1.000000000000000000e+00 1.000000000000000000e+00 1.000000000000000000e+00 1.000000000000000000e+00 1.000000000000000000e+00 0.000000000000000000e+00 0.000000000000000000e+00 9.976998940195082044e-01 1.095850801716975909e+00 9.981766849118849372e-01 9.728810492224361228e-01 2.796691037308229322e-01 6.857934217693401058e-02 0.000000000000000000e+00
1.000000000000000000e+00 1.000000000000000000e+00 1.000000000000000000e+00 1.000000000000000000e+00 1.000000000000000000e+00 0.000000000000000000e+00 0.000000000000000000e+00 1.009847306234569420e+00 9.420825225407796211e-01 9.938106977125338304e-01 8.946773732595600936e-01 1.861561691010925612e-01 -1.442069065947865214e-01 0.000000000000000000e+00
1.000000000000000000e+00 1.000000000000000000e+00 1.000000000000000000e+00 1.000000000000000000e+00 1.000000000000000000e+00 0.000000000000000000e+00 0.000000000000000000e+00 9.910290014141284187e-01 1.026654435621353834e+00 9.991704818968478730e-01 1.126465046195102904e+00 -1.619295166278406917e-01 2.692730362561144841e-01 0.000000000000000000e+00
1.000000000000000000e+00 1.000000000000000000e+00 1.000000000000000000e+00 1.000000000000000000e+00 1.000000000000000000e+00 0.000000000000000000e+00 0.000000000000000000e+00 1.001974712382637245e+00 9.102688467161453856e-01 9.985984477715947882e-01 1.038312770030394239e+00 -1.463562664594231233e-02 -1.376196336318626368e-01 0.000000000000000000e+00
1.000000000000000000e+00 1.000000000000000000e+00 1.000000000000000000e+00 1.000000000000000000e+00 1.000000000000000000e+00 0.000000000000000000e+00 0.000000000000000000e+00 1.007712055196750667e+00 1.070619892566663456e+00 9.929088385553450635e-01 1.143290860306784396e+00 -4.438786672882960582e-02 -2.199912110212458582e-01 0.000000000000000000e+00
1.000000000000000000e+00 1.000000000000000000e+00 1.000000000000000000e+00 1.000000000000000000e+00 1.000000000000000000e+00 0.000000000000000000e+00 0.000000000000000000e+00 9.946472530324199646e-01 1.145821013635806684e+00 9.902665448799615744e-01 8.512305721084323373e-01 1.131897207846893627e-01 -2.682711537228806287e-01 0.000000000000000000e+00
1.000000000000000000e+00 1.000000000000000000e+00 1.000000000000000000e+00 1.000000000000000000e+00 1.000000000000000000e+00 0.000000000000000000e+00 0.000000000000000000e+00 1.006860055584534175e+00 9.181166723903277926e-01 9.982846929569455519e-01 1.107249667223337175e+00 2.617470861414553096e-01 3.902305261346877829e-02 0.000000000000000000e+00
1.000000000000000000e+00 1.000000000000000000e+00 1.000000000000000000e+00 1.000000000000000000e+00 1.000000000000000000e+00 0.000000000000000000e+00 0.000000000000000000e+00 9.909898515213987347e-01 9.195360623369147612e-01 1.007924059151018126e+00 1.108365980104604631e+00 -2.902323062121054953e-01 -1.202126841446549133e-03 0.000000000000000000e+00
1.000000000000000000e+00 1.000000000000000000e+00 1.000000000000000000e+00 1.000000000000000000e+00 1.000000000000000000e+00 0.000000000000000000e+00 0.000000000000000000e+00 1.003967216676811880e+00 1.064732609409849706e+00 1.004194025518504230e+00 8.775553094188297543e-01 -1.672512583414985099e-01 -1.220169930200460662e-01 0.000000000000000000e+00
1.000000000000000000e+00 1.000000000000000000e+00 1.000000000000000000e+00 1.000000000000000000e+00 1.000000000000000000e+00 0.000000000000000000e+00 0.000000000000000000e+00 9.973879341406499677e-01 8.813533720122816995e-01 1.005484772876265698e+00 1.015859455939661871e+00 2.820306179081190634e-01 -1.591016839196909560e-01 0.000000000000000000e+00
1.000000000000000000e+00 1.000000000000000000e+00 1.000000000000000000e+00 1.000000000000000000e+00 1.000000000000000000e+00 0.000000000000000000e+00 0.000000000000000000e+00 9.932658716163693668e-01 9.255267781237881408e-01 1.007736968652781062e+00 8.672437301798481268e-01 -2.769101392194605049e-01 2.809453536485173042e-01 0.000000000000000000e+00
1.000000000000000000e+00 1.000000000000000000e+00 1.000000000000000000e+00 1.000000000000000000e+00 1.000000000000000000e+00 0.000000000000000000e+00 0.000000000000000000e+00 1.000093705857323823e+00 8.823168440861688389e-01 1.004526498505696086e+00 8.958895046283066321e-01 -9.257895578848396312e-02 2.367869468030698310e-01 0.000000000000000000e+00
1.000000000000000000e+00 1.000000000000000000e+00 1.000000000000000000e+00 1.000000000000000000e+00 1.000000000000000000e+00 0.000000000000000000e+00 0.000000000000000000e+00 1.001049554929673402e+00 1.134966081849880348e+00 9.953593973773826598e-01 9.450446548192085183e-01 -2.970091219159540774e-01 -6.425963016464475430e-02 0.000000000000000000e+00
1.000000000000000000e+00 1.000000000000000000e+00 1.000000000000000000e+00 1.000000000000000000e+00 1.000000000000000000e+00 0.000000000000000000e+00 0.000000000000000000e+00 1.008277280874369852e+00 1.048989698092636313e+00 1.002721298842455422e+00 9.685631361829915020e-01 2.383993178288539849e-01 1.076030887527129609e-01 0.000000000000000000e+00
1.000000000000000000e+00 1.000000000000000000e+00 1.000000000000000000e+00 1.000000000000000000e+00 1.000000000000000000e+00 0.000000000000000000e+00 0.000000000000000000e+00 1.004045570167627188e+00 1.019419149542248881e+00 1.004845395178695089e+00 9.090722414269449825e-01 2.135992033112326660e-01 5.929567265216806327e-02 0.000000000000000000e+00
1.000000000000000000e+00 1.000000000000000000e+00 1.000000000000000000e+00 1.000000000000000000e+00 1.000000000000000000e+00 0.000000000000000000e+00 0.000000000000000000e+00 1.001811929004778889e+00 1.137461536370599990e+00 9.937839126108192200e-01 9.976697194833354931e-01 1.466423936114791271e-02 1.224119427509845481e-01 0.000000000000000000e+00
1.000000000000000000e+00 1.000000000000000000e+00 1.000000000000000000e+00 1.000000000000000000e+00 1.000000000000000000e+00 0.000000000000000000e+00 0.000000000000000000e+00 9.955682464082877825e-01 9.662127790013804729e-01 9.975509119566118299e-01 9.284976737325617568e-01 9.368152559343867480e-03 1.120944691162329421e-01 0.000000000000000000e+00
1.000000000000000000e+00 1.000000000000000000e+00 1.000000000000000000e+00 1.000000000000000000e+00 1.000000000000000000e+00 0.000000000000000000e+00 0.000000000000000000e+00 1.007540139112101496e+00 1.034961979066594706e+00 1.006946780793643414e+00 1.102940653524223436e+00 2.943573858028571411e-01 4.706935573360360170e-02 0.000000000000000000e+00
1.000000000000000000e+00 1.000000000000000000e+00 1.000000000000000000e+00 1.000000000000000000e+00 1.000000000000000000e+00 0.000000000000000000e+00 0.000000000000000000e+00 1.004535000827836422e+00 1.109017155955251299e+00 1.009620714321083801e+00 1.073334347021626334e+00 -1.117229646415562605e-01 2.606008550974530658e-01 0.000000000000000000e+00
1.000000000000000000e+00 1.000000000000000000e+00 1.000000000000000000e+00 1.000000000000000000e+00 1.000000000000000000e+00 0.000000000000000000e+00 0.000000000000000000e+00 1.002196766143037321e+00 1.091119989600106921e+00 9.963501368911881206e-01 1.122872426853214201e+00 -1.695657744252099253e-02 -1.145586549302329837e-02 0.000000000000000000e+00
1.000000000000000000e+00 1.000000000000000000e+00 1.000000000000000000e+00 1.000000000000000000e+00 1.000000000000000000e+00 0.000000000000000000e+00 0.000000000000000000e+00 9.971420288588014325e-01 8.609066456356303521e-01 9.990456731797545675e-01 9.059117279973228909e-01 1.059589222853988266e-01 1.502112793487060949e-01 0.000000000000000000e+00
1.000000000000000000e+00 1.000000000000000000e+00 1.000000000000000000e+00 1.000000000000000000e+00 1.000000000000000000e+00 0.000000000000000000e+00 0.000000000000000000e+00 9.940308312267353008e-01 1.012075814364964632e+00 9.941081238172311263e-01 1.047172390201616565e+00 -1.511692945097097562e-01 -2.115796264818161077e-01 0.000000000000000000e+00
1.000000000000000000e+00 1.000000000000000000e+00 1.000000000000000000e+00 1.000000000000000000e+00 1.000000000000000000e+00 0.000000000000000000e+00 0.000000000000000000e+00 9.952404442733800982e-01 9.307760669285489730e-01 1.001765241807974549e+00 9.833150185350345573e-01 6.965930977803069801e-04 -2.160405272904449836e-01 0.000000000000000000e+00
1.000000000000000000e+00 1.000000000000000000e+00 1.000000000000000000e+00 1.000000000000000000e+00 1.000000000000000000e+00 0.000000000000000000e+00 0.000000000000000000e+00 1.002295830145721878e+00 1.061970646818569453e+00 1.003168516419307599e+00 1.146506001512839656e+00 -1.346549263382951223e-01 -1.715397038410449992e-01 0.000000000000000000e+00
1.000000000000000000e+00 1.000000000000000000e+00 1.000000000000000000e+00 1.000000000000000000e+00 1.000000000000000000e+00 0.000000000000000000e+00 0.000000000000000000e+00 1.001121605355894895e+00 8.501785778961221673e-01 9.913924128771627320e-01 1.073848981210327125e+00 -1.299052636379109116e-01 -1.306447648311638288e-01 0.000000000000000000e+00
1.000000000000000000e+00 1.000000000000000000e+00 1.000000000000000000e+00 1.000000000000000000e+00 1.000000000000000000e+00 0.000000000000000000e+00 0.000000000000000000e+00 9.951211939725531641e-01 8.945557485256759866e-01 1.000091342594726873e+00 1.027244130595012406e+00 -8.497936247230217233e-02 -2.810040532611324804e-01 0.000000000000000000e+00
1.000000000000000000e+00 1.000000000000000000e+00 1.000000000000000000e+00 1.000000000000000000e+00 1.000000000000000000e+00 0.000000000000000000e+00 0.000000000000000000e+00 9.947132565145568872e-01 1.059851528449392566e+00 9.954058364958228156e-01 8.649597533459668641e-01 -1.285207599609914375e-01 2.384492348815670515e-01 0.000000000000000000e+00
1.000000000000000000e+00 1.000000000000000000e+00 1.000000000000000000e+00 1.000000000000000000e+00 1.000000000000000000e+00 0.000000000000000000e+00 0.000000000000000000e+00 9.980168966876818981e-01 1.119913000896872290e+00 1.008698081755701859e+00 1.085793179543296239e+00 7.038139453894015629e-02 2.625763570727712160e-01 0.000000000000000000e+00
1.000000000000000000e+00 1.000000000000000000e+00 1.000000000000000000e+00 1.000000000000000000e+00 1.000000000000000000e+00 0.000000000000000000e+00 0.000000000000000000e+00 9.972892795416872236e-01 1.005639282817403002e+00 1.006424006891954548e+00 9.120603351913038059e-01 1.574260709430054805e-01 2.872593493929039288e-01 0.000000000000000000e+00
1.000000000000000000e+00 1.000000000000000000e+00 1.000000000000000000e+00 1.000000000000000000e+00 1.000000000000000000e+00 0.000000000000000000e+00 0.000000000000000000e+00 1.000470599928756421e+00 9.966759842705986694e-01 9.901724719155927668e-01 1.112628781785878429e+00 -4.901394438049466729e-02 2.189296630598334681e-01 0.000000000000000000e+00
1.000000000000000000e+00 1.000000000000000000e+00 1.000000000000000000e+00 1.000000000000000000e+00 1.000000000000000000e+00 0.000000000000000000e+00 0.000000000000000000e+00 1.004608513395920610e+00 8.649495255864835253e-01 9.925483000846364590e-01 1.068579956165588207e+00 -6.445582314923969935e-02 -2.049408676558086839e-01 0.000000000000000000e+00
1.000000000000000000e+00 1.000000000000000000e+00 1.000000000000000000e+00 1.000000000000000000e+00 1.000000000000000000e+00 0.000000000000000000e+00 0.000000000000000000e+00 1.004996480641027645e+00 1.046772333847000080e+00 1.002111455744575830e+00 9.913605944839559703e-01 -2.433937787989836066e-01 -1.123783564624989684e-01 0.000000000000000000e+00
1.000000000000000000e+00 1.000000000000000000e+00 1.000000000000000000e+00 1.000000000000000000e+00 1.000000000000000000e+00 0.000000000000000000e+00 0.000000000000000000e+00 9.987571198818129270e-01 9.127414482507034688e-01 9.972275923313049795e-01 1.021804186659321267e+00 -4.769564957969851804e-02 1.260190940150803796e-01 0.000000000000000000e+00
1.000000000000000000e+00 1.000000000000000000e+00 1.000000000000000000e+00 1.000000000000000000e+00 1.000000000000000000e+00 0.000000000000000000e+00 0.000000000000000000e+00 9.983554872341016129e-01 9.858036208752458673e-01 1.009020129996876847e+00 8.709179083208957728e-01 -2.158953029954932545e-01 -9.258694533366154666e-02 0.000000000000000000e+00
1.000000000000000000e+00 1.000000000000000000e+00 1.000000000000000000e+00 1.000000000000000000e+00 1.000000000000000000e+00 0.000000000000000000e+00 0.000000000000000000e+00 9.926141752473189861e-01 1.064433123826148186e+00 9.997605469596245742e-01 1.020101066836170967e+00 -1.839914042012943118e-01 1.712226281716396903e-01 0.000000000000000000e+00
1.000000000000000000e+00 1.000000000000000000e+00 1.000000000000000000e+00 1.000000000000000000e+00 1.000000000000000000e+00 0.000000000000000000e+00 0.000000000000000000e+00 9.936141757945324837e-01 1.079279245525673891e+00 9.909795974349451253e-01 1.083908896559010238e+00 -2.251686995175734007e-01 -8.991715869526487048e-02 0.000000000000000000e+00
1.000000000000000000e+00 1.000000000000000000e+00 1.000000000000000000e+00 1.000000000000000000e+00 1.000000000000000000e+00 0.000000000000000000e+00 0.000000000000000000e+00 9.905839507178185732e-01 9.843060747888427997e-01 1.005779300134659326e+00 1.049436029745114629e+00 -2.509170294534718848e-01 3.490868415314413165e-02 0.000000000000000000e+00
1.000000000000000000e+00 1.000000000000000000e+00 1.000000000000000000e+00 1.000000000000000000e+00 1.000000000000000000e+00 0.000000000000000000e+00 0.000000000000000000e+00 1.009754138432709558e+00 1.027069325977490566e+00 9.934120430437647364e-01 9.475781646665735192e-01 -2.207834939335137081e-01 -9.389190228343222144e-02 0.000000000000000000e+00
1.000000000000000000e+00 1.000000000000000000e+00 1.000000000000000000e+00 1.000000000000000000e+00 1.000000000000000000e+00 0.000000000000000000e+00 0.000000000000000000e+00 1.000133095674762496e+00 9.243752643077381981e-01 9.900262582487209251e-01 8.797992359911361859e-01 -1.738868247317979232e-01 -2.497311075386957069e-01 0.000000000000000000e+00
1.000000000000000000e+00 1.000000000000000000e+00 1.000000000000000000e+00 1.000000000000000000e+00 1.000000000000000000e+00 0.000000000000000000e+00 0.000000000000000000e+00 1.003290083419846157e+00 9.414872567342507104e-01 1.009845702545030255e+00 1.149435607191308328e+00 -2.874959129786512912e-01 7.098624252121671363e-02 0.000000000000000000e+00
1.000000000000000000e+00 1.000000000000000000e+00 1.000000000000000000e+00 1.000000000000000000e+00 1.000000000000000000e+00 0.000000000000000000e+00 0.000000000000000000e+00 9.967309022699389898e-01 9.015557013308002077e-01 9.996953778952559766e-01 1.063399398718405608e+00 1.686665753277094004e-01 1.708671579987586231e-01 0.000000000000000000e+00
1.000000000000000000e+00 1.000000000000000000e+00 1.000000000000000000e+00 1.000000000000000000e+00 1.000000000000000000e+00 0.000000000000000000e+00 0.000000000000000000e+00 9.925963851661786519e-01 1.079793763518017258e+00 1.009910366082270805e+00 1.037101356823812104e+00 -2.226339322167796564e-01 2.080096249046882728e-01 0.000000000000000000e+00
1.000000000000000000e+00 1.000000000000000000e+00 1.000000000000000000e+00 1.000000000000000000e+00 1.000000000000000000e+00 0.000000000000000000e+00 0.000000000000000000e+00 9.920511646826499774e-01 9.384842411361732362e-01 9.918807934465475595e-01 9.940268387552335660e-01 1.273531596631366503e-01 -1.770344693962840610e-01 0.000000000000000000e+00
1.000000000000000000e+00 1.000000000000000000e+00 1.000000000000000000e+00 1.000000000000000000e+00 1.000000000000000000e+00 0.000000000000000000e+00 0.000000000000000000e+00 1.008426979717031102e+00 8.676859677544445093e-01 9.978922184373552051e-01 8.830898704852553349e-01 -1.967758758477051451e-01 -1.495433810306955880e-01 0.000000000000000000e+00
1.000000000000000000e+00 1.000000000000000000e+00 1.000000000000000000e+00 1.000000000000000000e+00 1.000000000000000000e+00 0.000000000000000000e+00 0.000000000000000000e+00 9.944140193082195989e-01 1.002630739209454447e+00 1.007166631557325998e+00 1.000324922671518291e+00 -2.064751103940025700e-01 -1.886366573745539843e-01 0.000000000000000000e+00
1.000000000000000000e+00 1.000000000000000000e+00 1.000000000000000000e+00 1.000000000000000000e+00 1.000000000000000000e+00 0.000000000000000000e+00 0.000000000000000000e+00 9.901444051096159882e-01 1.111137163161062702e+00 9.921597276291238554e-01 8.607378470372987200e-01 2.302979132634361270e-01 1.000352450852054487e-02 0.000000000000000000e+00
1.000000000000000000e+00 1.000000000000000000e+00 1.000000000000000000e+00 1.000000000000000000e+00 1.000000000000000000e+00 0.000000000000000000e+00 0.000000000000000000e+00 1.005733349031501911e+00 1.015256687202904073e+00 1.001415394359874478e+00 1.139043702737145392e+00 -3.774547811410150500e-02 1.604099518901108135e-01 0.000000000000000000e+00
1.000000000000000000e+00 1.000000000000000000e+00 1.000000000000000000e+00 1.000000000000000000e+00 1.000000000000000000e+00 0.000000000000000000e+00 0.000000000000000000e+00 9.956829950788106398e-01 8.695197175678369694e-01 1.001916159675810380e+00 9.836662577755295178e-01 -7.809938173207800483e-02 6.241160845836191129e-02 0.000000000000000000e+00
1.000000000000000000e+00 1.000000000000000000e+00 1.000000000000000000e+00 1.000000000000000000e+00 1.000000000000000000e+00 0.000000000000000000e+00 0.000000000000000000e+00 9.911852186123503161e-01 8.687105876177794173e-01 9.980508298405088574e-01 1.019499660365236426e+00 -2.919485960489499043e-01 -2.572702586270144698e-01 0.000000000000000000e+00
1.000000000000000000e+00 1.000000000000000000e+00 1.000000000000000000e+00 1.000000000000000000e+00 1.000000000000000000e+00 0.000000000000000000e+00 0.000000000000000000e+00 1.004878943075567577e+00 1.100783174422137467e+00 9.947815725625557270e-01 1.136830101598970355e+00 2.467408125831230259e-01 -2.032050909979719044e-01 0.000000000000000000e+00
1.000000000000000000e+00 1.000000000000000000e+00 1.000000000000000000e+00 1.000000000000000000e+00 1.000000000000000000e+00 0.000000000000000000e+00 0.000000000000000000e+00 1.002043480064487291e+00 1.097435054086576933e+00 1.005359032336031744e+00 1.032442473497985347e+00 -1.913112899404827982e-01 2.415433873998166781e-01 0.000000000000000000e+00
1.000000000000000000e+00 1.000000000000000000e+00 1.000000000000000000e+00 1.000000000000000000e+00 1.000000000000000000e+00 0.000000000000000000e+00 0.000000000000000000e+00 9.907805428641309753e-01 1.072611402976597184e+00 9.946321934465252035e-01 1.134089899291532033e+00 -1.038553428896536179e-01 2.384024927951394757e-02 0.000000000000000000e+00
1.000000000000000000e+00 1.000000000000000000e+00 1.000000000000000000e+00 1.000000000000000000e+00 1.000000000000000000e+00 0.000000000000000000e+00 0.000000000000000000e+00 9.902768399823564938e-01 8.731433614045840397e-01 1.005200462222022084e+00 1.087901889148458645e+00 4.194456363088555628e-02 2.707022072417187286e-01 0.000000000000000000e+00
1.000000000000000000e+00 1.000000000000000000e+00 1.000000000000000000e+00 1.000000000000000000e+00 1.000000000000000000e+00 0.000000000000000000e+00 0.000000000000000000e+00 9.965288704548762588e-01 8.519267054599195532e-01 1.003960232967499477e+00 1.076621767946013719e+00 -6.897616003130957463e-02 -6.989878918469988323e-02 0.000000000000000000e+00
1.000000000000000000e+00 1.000000000000000000e+00 1.000000000000000000e+00 1.000000000000000000e+00 1.000000000000000000e+00 0.000000000000000000e+00 0.000000000000000000e+00 1.000274693958095540e+00 1.114307196796610278e+00 9.987725973667558321e-01 1.033188753284883132e+00 -1.602611415478349954e-03 2.548036047400895066e-01 0.000000000000000000e+00
1.000000000000000000e+00 1.000000000000000000e+00 1.000000000000000000e+00 1.000000000000000000e+00 1.000000000000000000e+00 0.000000000000000000e+00 0.000000000000000000e+00 1.008715701916210961e+00 8.601702497761324340e-01 1.005039172623860111e+00 1.101046634326187768e+00 4.907679718450774775e-02 2.136455785124345419e-01 0.000000000000000000e+00
1.000000000000000000e+00 1.000000000000000000e+00 1.000000000000000000e+00 1.000000000000000000e+00 1.000000000000000000e+00 0.000000000000000000e+00 0.000000000000000000e+00 1.008363343482443053e+00 1.023060770004628139e+00 9.979482078276377122e-01 1.028547455876915873e+00 1.446286929557171752e-01 1.940225801486912816e-01 0.000000000000000000e+00
1.000000000000000000e+00 1.000000000000000000e+00 1.000000000000000000e+00 1.000000000000000000e+00 1.000000000000000000e+00 0.000000000000000000e+00 0.000000000000000000e+00 9.914869765166199889e-01 8.567470091680179367e-01 1.000767529165337955e+00 1.030767477961207934e+00 5.920255286131814731e-02 -1.518325185843398539e-01 0.000000000000000000e+00
1.000000000000000000e+00 1.000000000000000000e+00 1.000000000000000000e+00 1.000000000000000000e+00 1.000000000000000000e+00 0.000000000000000000e+00 0.000000000000000000e+00 1.001671551159430518e+00 1.032729215419854185e+00 1.002616530265638684e+00 9.076996491856610394e-01 5.575754166008234369e-02 1.027770655736979788e-01 0.000000000000000000e+00
1.000000000000000000e+00 1.000000000000000000e+00 1.000000000000000000e+00 1.000000000000000000e+00 1.000000000000000000e+00 0.000000000000000000e+00 0.000000000000000000e+00 9.957313811433480266e-01 8.871243092426773780e-01 9.988035226071297901e-01 9.735547204045367220e-01 9.932550174824611444e-02 1.549960103527103228e-01 0.000000000000000000e+00
1.000000000000000000e+00 1.000000000000000000e+00 1.000000000000000000e+00 1.000000000000000000e+00 1.000000000000000000e+00 0.000000000000000000e+00 0.000000000000000000e+00 9.943864309918424293e-01 9.269610977886184600e-01 1.003758660261877766e+00 1.057717556044240004e+00 -5.589404509554907197e-02 6.466557921247029217e-02 0.000000000000000000e+00
1.000000000000000000e+00 1.000000000000000000e+00 1.000000000000000000e+00 1.000000000000000000e+00 1.000000000000000000e+00 0.000000000000000000e+00 0.000000000000000000e+00 9.998865317255214435e-01 1.116076751412554469e+00 9.957583565104879408e-01 1.078766303421712314e+00 2.570396391115691848e-01 -1.107616823900175462e-01 0.000000000000000000e+00
1.000000000000000000e+00 1.000000000000000000e+00 1.000000000000000000e+00 1.000000000000000000e+00 1.000000000000000000e+00 0.000000000000000000e+00 0.000000000000000000e+00 9.929670589552289650e-01 9.390870597767271288e-01 1.007067254491249120e+00 1.099296178968510285e+00 2.053527788878556914e-01 -2.266574423231749458e-01 0.000000000000000000e+00
1.000000000000000000e+00 1.000000000000000000e+00 1.000000000000000000e+00 1.000000000000000000e+00 1.000000000000000000e+00 0.000000000000000000e+00 0.000000000000000000e+00 1.002812246567158505e+00 9.616999947369500035e-01 9.958841424007316423e-01 9.683903876012063261e-01 -1.701171215238993506e-01 -2.600138532798392244e-01 0.000000000000000000e+00
1.000000000000000000e+00 1.000000000000000000e+00 1.000000000000000000e+00 1.000000000000000000e+00 1.000000000000000000e+00 0.000000000000000000e+00 0.000000000000000000e+00 9.960474860993744350e-01 9.583702155705072778e-01 1.009425697709734449e+00 9.396736667167100432e-01 -2.391918589067437151e-01 -2.626636134460880734e-01 0.000000000000000000e+00
1.000000000000000000e+00 1.000000000000000000e+00 1.000000000000000000e+00 1.000000000000000000e+00 1.000000000000000000e+00 0.000000000000000000e+00 0.000000000000000000e+00 9.993272738724087167e-01 9.871689476259979390e-01 1.003294742557071961e+00 1.104984947262414696e+00 -2.839961949321531676e-01 -2.000084472539270797e-01 0.000000000000000000e+00
1.000000000000000000e+00 1.000000000000000000e+00 1.000000000000000000e+00 1.000000000000000000e+00 1.000000000000000000e+00 0.000000000000000000e+00 0.000000000000000000e+00 9.988170942132523766e-01 1.135801977462524981e+00 1.006204362678688291e+00 1.007373802878258173e+00 1.399406443471290507e-01 -2.615146545721463989e-02 0.000000000000000000e+00
1.000000000000000000e+00 1.000000000000000000e+00 1.000000000000000000e+00 1.000000000000000000e+00 1.000000000000000000e+00 0.000000000000000000e+00 0.000000000000000000e+00 1.006401323769107847e+00 1.024179080849720425e+00 9.959599812227099003e-01 8.970773523813847516e-01 -2.807161797399854164e-02 2.499632779538041305e-02 0.000000000000000000e+00
1.000000000000000000e+00 1.000000000000000000e+00 1.000000000000000000e+00 1.000000000000000000e+00 1.000000000000000000e+00 0.000000000000000000e+00 0.000000000000000000e+00 1.000826700843760131e+00 9.812369959915719919e-01 1.006384003090815327e+00 9.133813255489022787e-01 -1.455252004275987832e-01 -2.432264719279637888e-01 0.000000000000000000e+00
1.000000000000000000e+00 1.000000000000000000e+00 1.000000000000000000e+00 1.000000000000000000e+00 1.000000000000000000e+00 0.000000000000000000e+00 0.000000000000000000e+00 9.992770353705449082e-01 1.133413875907683943e+00 1.007212284475060171e+00 8.664623131454849414e-01 -5.733428285823294335e-02 -2.358117762474992163e-01 0.000000000000000000e+00
1.000000000000000000e+00 1.000000000000000000e+00 1.000000000000000000e+00 1.000000000000000000e+00 1.000000000000000000e+00 0.000000000000000000e+00 0.000000000000000000e+00 1.001469008831179730e+00 1.089008660503262726e+00 1.005137220472934301e+00 1.096827428780156488e+00 2.936466395755708558e-01 1.883286542917277928e-01 0.000000000000000000e+00
1.000000000000000000e+00 1.000000000000000000e+00 1.000000000000000000e+00 1.000000000000000000e+00 1.000000000000000000e+00 0.000000000000000000e+00 0.000000000000000000e+00 1.006518461150869514e+00 1.118246026467917709e+00 1.002054902660909574e+00 9.607420587946855495e-01 6.772111703551364492e-02 -1.828686793371366581e-01 0.000000000000000000e+00
1.000000000000000000e+00 1.000000000000000000e+00 1.000000000000000000e+00 1.000000000000000000e+00 1.000000000000000000e+00 0.000000000000000000e+00 0.000000000000000000e+00 9.970534476538105428e-01 8.836573016962747662e-01 1.004318315273833750e+00 9.788671338550531953e-01 -2.576804320712309249e-01 -1.327632932645790020e-01 0.000000000000000000e+00
1.000000000000000000e+00 1.000000000000000000e+00 1.000000000000000000e+00 1.000000000000000000e+00 1.000000000000000000e+00 0.000000000000000000e+00 0.000000000000000000e+00 9.921815460703999889e-01 1.139947670469107832e+00 9.952084154202381905e-01 1.061897773950222668e+00 8.001491823573791962e-02 2.239409449725147661e-01 0.000000000000000000e+00
1.000000000000000000e+00 1.000000000000000000e+00 1.000000000000000000e+00 1.000000000000000000e+00 1.000000000000000000e+00 0.000000000000000000e+00 0.000000000000000000e+00 9.923882862991840748e-01 8.789161550508800547e-01 9.968659993233955907e-01 1.124119395497904739e+00 2.343586832029377898e-01 1.627543921875194144e-01 0.000000000000000000e+00
1.000000000000000000e+00 1.000000000000000000e+00 1.000000000000000000e+00 1.000000000000000000e+00 1.000000000000000000e+00 0.000000000000000000e+00 0.000000000000000000e+00 9.919772208440637007e-01 8.622392440707858929e-01 9.983623434195132429e-01 1.054383347756156164e+00 -1.810529955474061703e-01 2.054268671337307617e-01 0.000000000000000000e+00
1.000000000000000000e+00 1.000000000000000000e+00 1.000000000000000000e+00 1.000000000000000000e+00 1.000000000000000000e+00 0.000000000000000000e+00 0.000000000000000000e+00 1.001539725754903021e+00 9.647713754847770939e-01 9.936942152791540250e-01 9.771470174635032979e-01 4.639476165085643089e-03 2.007042621849617903e-01 0.000000000000000000e+00
1.000000000000000000e+00 1.000000000000000000e+00 1.000000000000000000e+00 1.000000000000000000e+00 1.000000000000000000e+00 0.000000000000000000e+00 0.000000000000000000e+00 1.009241642388109872e+00 8.587874096865225626e-01 9.907014954508294169e-01 8.557679986852929632e-01 -2.817092080361784379e-01 1.429647511893559764e-01 0.000000000000000000e+00
1.000000000000000000e+00 1.000000000000000000e+00 1.000000000000000000e+00 1.000000000000000000e+00 1.000000000000000000e+00 0.000000000000000000e+00 0.000000000000000000e+00 9.933695036114038590e-01 9.505129433219288160e-01 1.008428937381314006e+00 9.873134224414290561e-01 1.734811553823206176e-01 -1.639133165602739695e-01 0.000000000000000000e+00
1.000000000000000000e+00 1.000000000000000000e+00 1.000000000000000000e+00 1.000000000000000000e+00 1.000000000000000000e+00 0.000000000000000000e+00 0.000000000000000000e+00 1.003735299647747548e+00 1.129412387451720789e+00 9.910871079792742400e-01 1.128217135063212417e+00 2.710094549673783271e-01 -2.734180505036621911e-01 0.000000000000000000e+00
1.000000000000000000e+00 1.000000000000000000e+00 1.000000000000000000e+00 1.000000000000000000e+00 1.000000000000000000e+00 0.000000000000000000e+00 0.000000000000000000e+00 9.954683878660804952e-01 9.234129213212444176e-01 1.003589135152467948e+00 1.043229865317596872e+00 1.753370012514893772e-01 -8.362868083506552752e-02 0.000000000000000000e+00
1.000000000000000000e+00 1.000000000000000000e+00 1.000000000000000000e+00 1.000000000000000000e+00 1.000000000000000000e+00 0.000000000000000000e+00 0.000000000000000000e+00 9.997119210590410532e-01 1.003921231744107301e+00 9.967190019055505168e-01 1.009226216432231649e+00 1.668771007842671517e-01 4.306695217559575184e-02 0.000000000000000000e+00
1.000000000000000000e+00 1.000000000000000000e+00 1.000000000000000000e+00 1.000000000000000000e+00 1.000000000000000000e+00 0.000000000000000000e+00 0.000000000000000000e+00 1.002563776830247999e+00 8.907310609229613929e-01 9.964768650036631703e-01 8.599810864399622945e-01 2.856790835073834134e-01 -2.930856756310464828e-01 0.000000000000000000e+00
1.000000000000000000e+00 1.000000000000000000e+00 1.000000000000000000e+00 1.000000000000000000e+00 1.000000000000000000e+00 0.000000000000000000e+00 0.000000000000000000e+00 9.977380381540650323e-01 1.045178465489793762e+00 1.005964438329742361e+00 1.044048926724426174e+00 -1.580940963248965714e-01 1.588721809007314634e-01 0.000000000000000000e+00
1.000000000000000000e+00 1.000000000000000000e+00 1.000000000000000000e+00 1.000000000000000000e+00 1.000000000000000000e+00 0.000000000000000000e+00 0.000000000000000000e+00 9.949240059278295911e-01 1.091625422093238207e+00 1.001149797641825767e+00 8.893107376759282756e-01 2.225452848381736515e-01 -2.388238178945728540e-02 0.000000000000000000e+00
1.000000000000000000e+00 1.000000000000000000e+00 1.000000000000000000e+00 1.000000000000000000e+00 1.000000000000000000e+00 0.000000000000000000e+00 0.000000000000000000e+00 1.009031458951738180e+00 9.781859205035150495e-01 1.005664274055131147e+00 9.006889365803323333e-01 1.489208423619066690e-01 1.766714296838219345e-01 0.000000000000000000e+00
1.000000000000000000e+00 1.000000000000000000e+00 1.000000000000000000e+00 1.000000000000000000e+00 1.000000000000000000e+00 0.000000000000000000e+00 0.000000000000000000e+00 9.984070514360985360e-01 1.056020915908523428e+00 9.949794282748433139e-01 9.663156025104503444e-01 2.755431029160774759e-01 -2.461022064464751802e-01 0.000000000000000000e+00
1.000000000000000000e+00 1.000000000000000000e+00 1.000000000000000000e+00 1.000000000000000000e+00 1.000000000000000000e+00 0.000000000000000000e+00 0.000000000000000000e+00 9.975629124752998234e-01 8.886495096689244200e-01 9.912785409083624266e-01 1.004534874490404128e+00 -2.477667762979820498e-01 -6.801159159089259498e-02 0.000000000000000000e+00
1.000000000000000000e+00 1.000000000000000000e+00 1.000000000000000000e+00 1.000000000000000000e+00 1.000000000000000000e+00 0.000000000000000000e+00 0.000000000000000000e+00 9.935017820210536588e-01 1.122354253492481746e+00 1.001549845971091424e+00 1.111895894461296219e+00 2.698644187507444614e-01 2.494769000385724245e-01 0.000000000000000000e+00
1.000000000000000000e+00 1.000000000000000000e+00 1.000000000000000000e+00 1.000000000000000000e+00 1.000000000000000000e+00 0.000000000000000000e+00 0.000000000000000000e+00 1.002459126087491770e+00 1.086983903813332875e+00 1.000481336039331426e+00 8.863143824739357912e-01 9.370289168317619266e-02 3.097026086084059271e-02 0.000000000000000000e+00
1.000000000000000000e+00 1.000000000000000000e+00 1.000000000000000000e+00 1.000000000000000000e+00 1.000000000000000000e+00 0.000000000000000000e+00 0.000000000000000000e+00 1.001389480875814364e+00 1.001024528895166466e+00 9.922689541113309808e-01 8.688495044479075391e-01 -9.822634413830697020e-02 -2.318745856285970852e-01 0.000000000000000000e+00
1.000000000000000000e+00 1.000000000000000000e+00 1.000000000000000000e+00 1.000000000000000000e+00 1.000000000000000000e+00 0.000000000000000000e+00 0.000000000000000000e+00 1.008051677939071356e+00 9.162774034775850174e-01 9.993272141823710264e-01 8.737043821340695349e-01 -1.234866688269221635e-01 9.497913212192671262e-02 0.000000000000000000e+00
1.000000000000000000e+00 1.000000000000000000e+00 1.000000000000000000e+00 1.000000000000000000e+00 1.000000000000000000e+00 0.000000000000000000e+00 0.000000000000000000e+00 1.006794664871857314e+00 1.142628727952161416e+00 1.007373474585050888e+00 1.069564643999530995e+00 9.023630756203182557e-02 2.462066099484562787e-01 0.000000000000000000e+00
1.000000000000000000e+00 1.000000000000000000e+00 1.000000000000000000e+00 1.000000000000000000e+00 1.000000000000000000e+00 0.000000000000000000e+00 0.000000000000000000e+00 1.007125955801966288e+00 1.057996020435889140e+00 9.951060065506891483e-01 9.956597819998362908e-01 1.896658368799348793e-01 -2.890797696447214293e-01 0.000000000000000000e+00
1.000000000000000000e+00 1.000000000000000000e+00 1.000000000000000000e+00 1.000000000000000000e+00 1.000000000000000000e+00 0.000000000000000000e+00 0.000000000000000000e+00 1.008115709021050410e+00 1.053083030255580255e+00 1.003318225798466301e+00 9.753050165498073909e-01 -1.799893296710287083e-01 2.946121352962029483e-01 0.000000000000000000e+00
1.000000000000000000e+00 1.000000000000000000e+00 1.000000000000000000e+00 1.000000000000000000e+00 1.000000000000000000e+00 0.000000000000000000e+00 0.000000000000000000e+00 9.941807402092890378e-01 1.083979281500120795e+00 1.007630448814698987e+00 1.081411776587824392e+00 2.721296715605403538e-02 -2.649666594120331786e-01 0.000000000000000000e+00
1.000000000000000000e+00 1.000000000000000000e+00 1.000000000000000000e+00 1.000000000000000000e+00 1.000000000000000000e+00 0.000000000000000000e+00 0.000000000000000000e+00 9.939851503873519123e-01 1.011353079128515242e+00 1.000979690238210873e+00 9.996613540741574599e-01 -1.356594702488711779e-01 -2.082442704838425585e-01 0.000000000000000000e+00
1.000000000000000000e+00 1.000000000000000000e+00 1.000000000000000000e+00 1.000000000000000000e+00 1.000000000000000000e+00 0.000000000000000000e+00 0.000000000000000000e+00 9.942311956666398665e-01 1.139382964635182738e+00 9.914531621977362708e-01 1.147180862930542444e+00 -2.966925658201373661e-01 1.158947254680637862e-01 0.000000000000000000e+00
1.000000000000000000e+00 1.000000000000000000e+00 1.000000000000000000e+00 1.000000000000000000e+00 1.000000000000000000e+00 0.000000000000000000e+00 0.000000000000000000e+00 1.007085360539395236e+00 9.710996777036928762e-01 1.004076998922876385e+00 9.348542320526085359e-01 -8.237549910633543138e-02 -7.802582165601967823e-02 0.000000000000000000e+00
1.000000000000000000e+00 1.000000000000000000e+00 1.000000000000000000e+00 1.000000000000000000e+00 1.000000000000000000e+00 0.000000000000000000e+00 0.000000000000000000e+00 1.000609542972774602e+00 8.846824602423664086e-01 9.928172904999583714e-01 9.326427939991996929e-01 3.769389117146304535e-02 2.199472615673825349e-03 0.000000000000000000e+00
1.000000000000000000e+00 1.000000000000000000e+00 1.000000000000000000e+00 1.000000000000000000e+00 1.000000000000000000e+00 0.000000000000000000e+00 0.000000000000000000e+00 9.948583745122754340e-01 1.049969444049828615e+00 9.930100179685710238e-01 1.075467839227918887e+00 -1.485407843585790089e-01 8.975037815029845989e-02 0.000000000000000000e+00
1.000000000000000000e+00 1.000000000000000000e+00 1.000000000000000000e+00 1.000000000000000000e+00 1.000000000000000000e+00 0.000000000000000000e+00 0.000000000000000000e+00 9.916548959693047838e-01 9.145561981155926334e-01 9.984700832998574249e-01 1.105395643873654743e+00 2.981184406549576837e-01 -2.772670435268516087e-01 0.000000000000000000e+00
1.000000000000000000e+00 1.000000000000000000e+00 1.000000000000000000e+00 1.000000000000000000e+00 1.000000000000000000e+00 0.000000000000000000e+00 0.000000000000000000e+00 9.969841124331210169e-01 8.552690276044413453e-01 9.919311211450515531e-01 9.271233343228880708e-01 2.424628864241417658e-01 -2.846531365120652524e-02 0.000000000000000000e+00
1.000000000000000000e+00 1.000000000000000000e+00 1.000000000000000000e+00 1.000000000000000000e+00 1.000000000000000000e+00 0.000000000000000000e+00 0.000000000000000000e+00 1.008647371077080912e+00 9.919018740682093993e-01 9.962022779377137649e-01 8.882443554065970748e-01 -1.218245148644618026e-01 1.875868965833976665e-02 0.000000000000000000e+00
1.000000000000000000e+00 1.000000000000000000e+00 1.000000000000000000e+00 1.000000000000000000e+00 1.000000000000000000e+00 0.000000000000000000e+00 0.000000000000000000e+00 1.002676687543460510e+00 1.085399860264127714e+00 1.008279251219615036e+00 8.539314153577598487e-01 -1.939054247901817463e-01 -1.654302620360747766e-01 0.000000000000000000e+00
1.000000000000000000e+00 1.000000000000000000e+00 1.000000000000000000e+00 1.000000000000000000e+00 1.000000000000000000e+00 0.000000000000000000e+00 0.000000000000000000e+00 9.996632293995223462e-01 8.663008783694780002e-01 1.005834480692458177e+00 1.116795790271108313e+00 -1.014218602212915432e-01 1.657710516813262758e-01 0.000000000000000000e+00
1.000000000000000000e+00 1.000000000000000000e+00 1.000000000000000000e+00 1.000000000000000000e+00 1.000000000000000000e+00 0.000000000000000000e+00 0.000000000000000000e+00 1.009976465726160733e+00 1.093044369233284296e+00 1.009728720726369655e+00 9.791236553350779470e-01 -1.151943786620207577e-01 8.184186250092650994e-02 0.000000000000000000e+00
1.000000000000000000e+00 1.000000000000000000e+00 1.000000000000000000e+00 1.000000000000000000e+00 1.000000000000000000e+00 0.000000000000000000e+00 0.000000000000000000e+00 1.002984496198242814e+00 8.981612401122656131e-01 9.989516084353295966e-01 8.807085189967225336e-01 -1.432900978001565018e-01 8.653670934229878986e-02 0.000000000000000000e+00
1.000000000000000000e+00 1.000000000000000000e+00 1.000000000000000000e+00 1.000000000000000000e+00 1.000000000000000000e+00 0.000000000000000000e+00 0.000000000000000000e+00 1.007850700613012407e+00 1.060658538588908906e+00 9.955592500286793989e-01 1.039274473140014088e+00 1.629348573177482051e-01 -2.398224723700811412e-01 0.000000000000000000e+00
1.000000000000000000e+00 1.000000000000000000e+00 1.000000000000000000e+00 1.000000000000000000e+00 1.000000000000000000e+00 0.000000000000000000e+00 0.000000000000000000e+00 9.922448109701476060e-01 9.719489702077029891e-01 1.009217841233790214e+00 1.010751267427443700e+00 2.013994066183564802e-01 -6.731199474442728370e-03 0.000000000000000000e+00
1.000000000000000000e+00 1.000000000000000000e+00 1.000000000000000000e+00 1.000000000000000000e+00 1.000000000000000000e+00 0.000000000000000000e+00 0.000000000000000000e+00 9.961747711865371890e-01 9.447421825258823791e-01 1.001295137684238945e+00 9.406805877208618272e-01 -8.781512376922842589e-02 2.730982839455345368e-01 0.000000000000000000e+00
1.000000000000000000e+00 1.000000000000000000e+00 1.000000000000000000e+00 1.000000000000000000e+00 1.000000000000000000e+00 0.000000000000000000e+00 0.000000000000000000e+00 1.008597107806212589e+00 1.020645339351043512e+00 1.006524910270191198e+00 8.854487680948860406e-01 2.881820873239344105e-01 -4.910506341020781651e-02 0.000000000000000000e+00
1.000000000000000000e+00 1.000000000000000000e+00 1.000000000000000000e+00 1.000000000000000000e+00 1.000000000000000000e+00 0.000000000000000000e+00 0.000000000000000000e+00 9.918420527294827815e-01 1.014616137212401181e+00 1.008908921678669968e+00 1.091963716278546936e+00 -4.151549791910624787e-03 -2.233858993735986509e-01 0.000000000000000000e+00
1.000000000000000000e+00 1.000000000000000000e+00 1.000000000000000000e+00 1.000000000000000000e+00 1.000000000000000000e+00 0.000000000000000000e+00 0.000000000000000000e+00 1.005149050049043646e+00 1.098210840385327680e+00 1.006766485276953782e+00 9.103800121956135971e-01 2.502001033923863527e-01 2.015891969750834289e-01 0.000000000000000000e+00
1.000000000000000000e+00 1.000000000000000000e+00 1.000000000000000000e+00 1.000000000000000000e+00 1.000000000000000000e+00 0.000000000000000000e+00 0.000000000000000000e+00 9.937655515062101541e-01 1.052073313662710063e+00 1.004432164402883521e+00 9.016153963722006726e-01 2.263423210164859367e-01 -5.240531519312813247e-02 0.000000000000000000e+00
1.000000000000000000e+00 1.000000000000000000e+00 1.000000000000000000e+00 1.000000000000000000e+00 1.000000000000000000e+00 0.000000000000000000e+00 0.000000000000000000e+00 9.904027643564413674e-01 9.086369396574522916e-01 1.009583962299976934e+00 1.004394792469242459e+00 2.201539397625870698e-01 6.918098878251677242e-03 0.000000000000000000e+00
1.000000000000000000e+00 1.000000000000000000e+00 1.000000000000000000e+00 1.000000000000000000e+00 1.000000000000000000e+00 0.000000000000000000e+00 0.000000000000000000e+00 1.007435664067784842e+00 1.006201298131083721e+00 9.926353196803409107e-01 1.098268710110674062e+00 -1.053213203897357120e-01 -7.424856264303683617e-02 0.000000000000000000e+00
1.000000000000000000e+00 1.000000000000000000e+00 1.000000000000000000e+00 1.000000000000000000e+00 1.000000000000000000e+00 0.000000000000000000e+00 0.000000000000000000e+00 1.006635467275698081e+00 9.941185395297622573e-01 1.006874973973178600e+00 8.624509908880195752e-01 1.939383238506889318e-01 -5.455098579358114153e-02 0.000000000000000000e+00
1.000000000000000000e+00 1.000000000000000000e+00 1.000000000000000000e+00 1.000000000000000000e+00 1.000000000000000000e+00 0.000000000000000000e+00 0.000000000000000000e+00 1.006109429877254824e+00 1.070215957815541907e+00 1.004244591184190627e+00 1.088662989599056274e+00 1.372226555827578132e-01 2.272528451261098259e-01 0.000000000000000000e+00
1.000000000000000000e+00 1.000000000000000000e+00 1.000000000000000000e+00 1.000000000000000000e+00 1.000000000000000000e+00 0.000000000000000000e+00 0.000000000000000000e+00 1.006005207143536584e+00 9.908209822376865539e-01 1.003810922063247846e+00 1.140935728321575304e+00 1.161602370993871647e-01 -2.994415665225371725e-01 0.000000000000000000e+00
1.000000000000000000e+00 1.000000000000000000e+00 1.000000000000000000e+00 1.000000000000000000e+00 1.000000000000000000e+00 0.000000000000000000e+00 0.000000000000000000e+00 1.001703213800955838e+00 9.976656025727069776e-01 9.970726590470730955e-01 1.115043819498976907e+00 1.961124883868204938e-01 2.552067438737476990e-01 0.000000000000000000e+00
1.000000000000000000e+00 1.000000000000000000e+00 1.000000000000000000e+00 1.000000000000000000e+00 1.000000000000000000e+00 0.000000000000000000e+00 0.000000000000000000e+00 1.009360134866686520e+00 1.038316349343684664e+00 1.005504695785591984e+00 9.927863604564951538e-01 2.024802531216124413e-02 -1.443387265285522858e-02 0.000000000000000000e+00
1.000000000000000000e+00 1.000000000000000000e+00 1.000000000000000000e+00 1.000000000000000000e+00 1.000000000000000000e+00 0.000000000000000000e+00 0.000000000000000000e+00 9.959197255680667382e-01 9.034012116904945877e-01 1.004923371387509645e+00 9.244774166164978491e-01 -1.762550860198014158e-01 1.377399622305522375e-01 0.000000000000000000e+00
1.000000000000000000e+00 1.000000000000000000e+00 1.000000000000000000e+00 1.000000000000000000e+00 1.000000000000000000e+00 0.000000000000000000e+00 0.000000000000000000e+00 9.974232161094248594e-01 1.110287128684332769e+00 1.000202206670163685e+00 8.991698594857873150e-01 -9.881123323902674116e-03 5.066605067659213368e-02 0.000000000000000000e+00
1.000000000000000000e+00 1.000000000000000000e+00 1.000000000000000000e+00 1.000000000000000000e+00 1.000000000000000000e+00 0.000000000000000000e+00 0.000000000000000000e+00 9.995261297275372936e-01 1.040242976379170070e+00 9.915368718437641560e-01 1.008416098940466021e+00 -2.707317034379083109e-01 -1.014255876242473875e-01 0.000000000000000000e+00
1.000000000000000000e+00 1.000000000000000000e+00 1.000000000000000000e+00 1.000000000000000000e+00 1.000000000000000000e+00 0.000000000000000000e+00 0.000000000000000000e+00 9.917783776840476406e-01 9.886114058363246748e-01 9.992886126112952017e-01 1.142387981838496991e+00 8.608803946662701989e-02 -2.727331611713562642e-01 0.000000000000000000e+00
1.000000000000000000e+00 1.000000000000000000e+00 1.000000000000000000e+00 1.000000000000000000e+00 1.000000000000000000e+00 0.000000000000000000e+00 0.000000000000000000e+00 1.004413856260542914e+00 9.693078683502530657e-01 9.916016118604967788e-01 8.914067993145387003e-01 6.441950997493944842e-02 -1.416575325590014589e-01 0.000000000000000000e+00
1.000000000000000000e+00 1.000000000000000000e+00 1.000000000000000000e+00 1.000000000000000000e+00 1.000000000000000000e+00 0.000000000000000000e+00 0.000000000000000000e+00 1.007683149954983426e+00 9.466278302242228104e-01 1.004783300100384524e+00 1.055776138984458656e+00 2.178129265619921928e-01 -1.141467904090760765e-01 0.000000000000000000e+00
1.000000000000000000e+00 1.000000000000000000e+00 1.000000000000000000e+00 1.000000000000000000e+00 1.000000000000000000e+00 0.000000000000000000e+00 0.000000000000000000e+00 9.931612089004204780e-01 9.670287588584542959e-01 9.942880138841077020e-01 9.546713073265264971e-01 -3.173244604164848770e-02 -1.760206281730973266e-01 0.000000000000000000e+00
1.000000000000000000e+00 1.000000000000000000e+00 1.000000000000000000e+00 1.000000000000000000e+00 1.000000000000000000e+00 0.000000000000000000e+00 0.000000000000000000e+00 1.007216756655898937e+00 1.009963470706703115e+00 9.943612905008805125e-01 8.583282160928091820e-01 1.989651182074146929e-01 -3.910680649891373761e-02 0.000000000000000000e+00
1.000000000000000000e+00 1.000000000000000000e+00 1.000000000000000000e+00 1.000000000000000000e+00 1.000000000000000000e+00 0.000000000000000000e+00 0.000000000000000000e+00 1.003431683839795197e+00 1.148694008771184993e+00 1.001855503695904481e+00 1.145485323059868499e+00 7.481555579786980381e-02 -1.060793204298934034e-01 0.000000000000000000e+00
1.000000000000000000e+00 1.000000000000000000e+00 1.000000000000000000e+00 1.000000000000000000e+00 1.000000000000000000e+00 0.000000000000000000e+00 0.000000000000000000e+00 9.986794858781730122e-01 8.892611717003491290e-01 9.905593104977832297e-01 1.090310105459710188e+00 -9.500944861613552783e-02 5.529504565356280210e-03 0.000000000000000000e+00
1.000000000000000000e+00 1.000000000000000000e+00 1.000000000000000000e+00 1.000000000000000000e+00 1.000000000000000000e+00 0.000000000000000000e+00 0.000000000000000000e+00 1.005071535211925937e+00 9.048643834480700754e-01 1.002837635667221949e+00 8.823747180335510532e-01 -2.188044510282237398e-01 1.187647233673521652e-01 0.000000000000000000e+00
1.000000000000000000e+00 1.000000000000000000e+00 1.000000000000000000e+00 1.000000000000000000e+00 1.000000000000000000e+00 0.000000000000000000e+00 0.000000000000000000e+00 9.981330445670677509e-01 1.034424596320222323e+00 9.903727685160371719e-01 9.151540028993472298e-01 -1.846705956212169042e-02 -3.862143358165531781e-02 0.000000000000000000e+00
1.000000000000000000e+00 1.000000000000000000e+00 1.000000000000000000e+00 1.000000000000000000e+00 1.000000000000000000e+00 0.000000000000000000e+00 0.000000000000000000e+00 1.003899655661284251e+00 1.099472935837118470e+00 9.932544065861765858e-01 9.884341072198110645e-01 8.389310957840345750e-02 -4.669051953265795918e-02 0.000000000000000000e+00
1.000000000000000000e+00 1.000000000000000000e+00 1.000000000000000000e+00 1.000000000000000000e+00 1.000000000000000000e+00 0.000000000000000000e+00 0.000000000000000000e+00 9.958839666016536807e-01 1.124561641238349674e+00 1.001300047057007037e+00 1.059983318214691606e+00 1.097733777936783506e-01 -2.280798616787524102e-01 0.000000000000000000e+00
1.000000000000000000e+00 1.000000000000000000e+00 1.000000000000000000e+00 1.000000000000000000e+00 1.000000000000000000e+00 0.000000000000000000e+00 0.000000000000000000e+00 9.978378361294930610e-01 1.087022697897486845e+00 1.000594026916243884e+00 1.120012955274461763e+00 -2.732126779053195009e-01 1.204139584138586017e-02 0.000000000000000000e+00
1.000000000000000000e+00 1.000000000000000000e+00 1.000000000000000000e+00 1.000000000000000000e+00 1.000000000000000000e+00 0.000000000000000000e+00 0.000000000000000000e+00 1.004285176053201001e+00 1.144794295899777437e+00 1.003448139702377340e+00 9.626090373506246411e-01 3.412373358256920453e-02 2.319012099390722059e-01 0.000000000000000000e+00
1.000000000000000000e+00 1.000000000000000000e+00 1.000000000000000000e+00 1.000000000000000000e+00 1.000000000000000000e+00 0.000000000000000000e+00 0.000000000000000000e+00 9.930132954911126131e-01 9.994166071469735568e-01 1.007448992360153728e+00 9.644527471026165255e-01 1.521341288544232895e-01 2.921268491841588766e-02 0.000000000000000000e+00
1.000000000000000000e+00 1.000000000000000000e+00 1.000000000000000000e+00 1.000000000000000000e+00 1.000000000000000000e+00 0.000000000000000000e+00 0.000000000000000000e+00 9.945972010817035747e-01 9.006298053573109641e-01 9.944081830951618795e-01 9.420462498393620265e-01 1.230832038863350908e-01 -5.948162665291156781e-02 0.000000000000000000e+00
1.000000000000000000e+00 1.000000000000000000e+00 1.000000000000000000e+00 1.000000000000000000e+00 1.000000000000000000e+00 0.000000000000000000e+00 0.000000000000000000e+00 1.005962128966758851e+00 9.732722176556873883e-01 9.917281457834520308e-01 9.430963787743852356e-01 3.205966343769489635e-02 -1.024893891396944645e-01 0.000000000000000000e+00
1.000000000000000000e+00 1.000000000000000000e+00 1.000000000000000000e+00 1.000000000000000000e+00 1.000000000000000000e+00 0.000000000000000000e+00 0.000000000000000000e+00 1.004702749818888963e+00 9.347255569370348516e-01 1.008805959118939555e+00 9.033497270082427866e-01 -1.556110235039651346e-01 1.695236452980097841e-02 0.000000000000000000e+00
1.000000000000000000e+00 1.000000000000000000e+00 1.000000000000000000e+00 1.000000000000000000e+00 1.000000000000000000e+00 0.000000000000000000e+00 0.000000000000000000e+00 1.009162247325687822e+00 9.524732886744449178e-01 1.006635246067068001e+00 1.124505668362985489e+00 -2.530222027124503503e-01 -1.246023392180684031e-01 0.000000000000000000e+00
1.000000000000000000e+00 1.000000000000000000e+00 1.000000000000000000e+00 1.000000000000000000e+00 1.000000000000000000e+00 0.000000000000000000e+00 0.000000000000000000e+00 9.908924917985005854e-01 1.068387150079587844e+00 1.004682958504841128e+00 9.495679228162831054e-01 1.836853284607109504e-01 -1.845499067394344717e-01 0.000000000000000000e+00
1.000000000000000000e+00 1.000000000000000000e+00 1.000000000000000000e+00 1.000000000000000000e+00 1.000000000000000000e+00 0.000000000000000000e+00 0.000000000000000000e+00 1.007350567586971168e+00 1.106026275428042771e+00 1.007805982204083239e+00 1.053412091346487056e+00 2.649021652184794795e-01 -2.873087439857915926e-01 0.000000000000000000e+00
1.000000000000000000e+00 1.000000000000000000e+00 1.000000000000000000e+00 1.000000000000000000e+00 1.000000000000000000e+00 0.000000000000000000e+00 0.000000000000000000e+00 1.005549589865937010e+00 1.076128587584657348e+00 9.923285506280369317e-01 8.560448219158440786e-01 2.537016508379585367e-01 7.517236111733754944e-02 0.000000000000000000e+00
1.000000000000000000e+00 1.000000000000000000e+00 1.000000000000000000e+00 1.000000000000000000e+00 1.000000000000000000e+00 0.000000000000000000e+00 0.000000000000000000e+00 9.928037964333629173e-01 1.131773229033194328e+00 9.956301709493297070e-01 1.084992826734406890e+00 2.437633572642217139e-02 9.036867841350620933e-02 0.000000000000000000e+00
1.000000000000000000e+00 1.000000000000000000e+00 1.000000000000000000e+00 1.000000000000000000e+00 1.000000000000000000e+00 0.000000000000000000e+00 0.000000000000000000e+00 9.989381964572106032e-01 9.595477689404747768e-01 9.927294924694013423e-01 8.518291585397868015e-01 -2.329416642584986874e-01 8.049277370000251786e-02 0.000000000000000000e+00
1.000000000000000000e+00 1.000000000000000000e+00 1.000000000000000000e+00 1.000000000000000000e+00 1.000000000000000000e+00 0.000000000000000000e+00 0.000000000000000000e+00 9.994731710363646826e-01 1.074713765473346072e+00 9.966828350243402967e-01 1.025374472314024343e+00 1.790992821922580136e-01 -5.084947645291382212e-03 0.000000000000000000e+00
1.000000000000000000e+00 1.000000000000000000e+00 1.000000000000000000e+00 1.000000000000000000e+00 1.000000000000000000e+00 0.000000000000000000e+00 0.000000000000000000e+00 9.985766348746097920e-01 9.066210935794601911e-01 9.904247998129362962e-01 9.860994345207083622e-01 -2.295984733756931961e-01 2.447569983784916858e-01 0.000000000000000000e+00
1.000000000000000000e+00 1.000000000000000000e+00 1.000000000000000000e+00 1.000000000000000000e+00 1.000000000000000000e+00 0.000000000000000000e+00 0.000000000000000000e+00 1.005340177758774933e+00 9.933453692686002867e-01 9.948941059080642635e-01 9.590424680693498960e-01 1.613961366280987630e-01 -1.704625793909863851e-01 0.000000000000000000e+00
1.000000000000000000e+00 1.000000000000000000e+00 1.000000000000000000e+00 1.000000000000000000e+00 1.000000000000000000e+00 0.000000000000000000e+00 0.000000000000000000e+00 9.990377157961490839e-01 8.714586936733481615e-01 1.008047521968884919e+00 1.132109888566599221e+00 -1.091902580669972533e-01 1.833318160628434335e-01 0.000000000000000000e+00
1.000000000000000000e+00 1.000000000000000000e+00 1.000000000000000000e+00 1.000000000000000000e+00 1.000000000000000000e+00 0.000000000000000000e+00 0.000000000000000000e+00 9.982362226631313895e-01 1.041747844917801924e+00 1.000612098432318797e+00 9.220980217382458433e-01 1.826234461352742033e-01 1.007060332177973638e-01 0.000000000000000000e+00
