1.4068258767839599 0.966968560485592 0.8318675330716754 0.542798284589503 0.10733730993057206 0.36994165771393833 0.13806502468318804 1.0041472695314089 1.1033259293719748 0.9950397770304227 1.0718986022615407 -0.14080793801460037 -0.08495576509725314 39.63421562379826
0.9273374179090047 0.8650714427547297 0.61573944837674 1.0353451536802631 0.10318763074385859 0.9617733275584267 -0.208302115973017 1.0095155236416997 1.1482358610399417 0.9920116430594497 0.8766185868231038 0.14153715569150355 0.14716059204726972 1.2642445638234576
0.5956522830758622 0.9105859627009021 1.059217680511441 0.9023049171051947 0.21788754318474934 0.6905010288105328 0.18358914689390005 1.0036216051165965 0.9365119577398016 0.9939931303347487 0.9043448688111057 0.20870656929863002 0.23023042949450495 36.67439559364816
1.3014523914228462 0.9962778190499486 1.4035520851894776 1.4773392536160306 0.7782764987341351 0.06252153794209397 -0.035540100782241124 1.0056799578312836 0.9548377195073017 0.9960414383423682 1.1095254988775751 -0.07021425650401764 0.09629964915583289 30.489933038725383
0.6250635866151717 0.9025065557252144 0.9465797471583944 1.118042523993747 0.742658254289972 0.052471696630189434 -0.09334044348896808 0.9906857802312375 0.9141374604027415 1.0003537647880676 0.9360709569266531 -0.16335765353500523 0.2192107737906181 9.479311209281203
1.1591140619302964 0.8510695150991626 0.8934495863315179 1.0739824163358702 0.9441722877342837 0.01669864475266852 0.14713460462856254 0.9950637188720229 1.0548363276798045 1.0061677576712804 1.035020385804301 -0.263761796549999 -0.2943878777780719 17.69617139922931
0.9201376942209955 0.9235514338347289 0.5838202898395315 1.0307065481126954 0.5023958882952096 0.6789279959609896 -0.45511079892426154 1.0003068058862388 0.9475610189087245 0.990829921143084 1.118301739622079 0.210177524274397 0.11039353230752502 16.32103116920865
0.8755866288460457 0.8810994688042332 1.259053387829147 0.9611110836780445 0.8644664988760532 0.819413055553843 0.3938949400671705 0.991355651338315 1.0312190856042551 1.003674345903814 1.0029900208967129 -0.07529351962343014 0.03608356449116318 30.87080052577968
1.3102895929719138 0.8716278285417303 0.8389749047037514 1.271507089892971 0.09923359375492512 0.7487030705516041 0.6350795843352832 0.997993659131391 0.8952506889304372 1.0025595978543975 0.9574638064378992 0.09633341727615985 -0.2537570385127963 29.88194051480399
0.837900444497538 0.8763048995947571 1.0874089908313596 0.869282558989183 0.4241249722844795 0.20262583274436918 0.5224834277194925 0.9962458152670778 1.1240572508336053 0.9995069161100419 1.023307039309634 -0.2361483458310339 -0.24282422606750215 35.43665705663284
1.2775343820851723 0.8460273518747096 1.1999772143070078 1.0005856208622483 0.477318771912352 0.5470927382016312 0.3480055022688867 1.008861077292594 1.0224082871094855 1.0075284435170861 1.0257417171563123 0.046715139428902264 0.18906388961741882 44.240141250338375
0.8243158424506105 0.9142661769319037 1.3396967893124494 1.3687342171570658 0.05590711726824609 0.740897005631984 -0.4632721724292811 0.9927606749247777 0.9078960056346541 1.0083089249181034 1.01768327822609 0.13483522121235342 -0.06212861693644134 38.953910642280704
1.2070952277558704 0.9709801398231703 0.5469917204238277 0.9215268447397216 0.01848509723225207 0.3354223342591164 0.4273101405733879 1.000716197351476 0.8770994158585725 1.0087869353221424 0.9304418421022526 -0.21062302803901545 -0.07641052296809511 28.588718593270045
1.231897175261191 0.8595878400941865 1.4542462200243467 0.8530710022065031 0.4703927970433854 0.6183881148136583 -0.4939597171333444 0.993414402826738 1.0365121679349318 1.0008240185807729 0.9553499778426218 -0.19905102908048225 0.21137025510637147 33.23678178238268
0.9411175475817821 0.8579174449062786 0.5704281030304319 0.6726057336478608 0.3077325596319219 0.8091113300186072 -0.40685740672015114 1.0023323179123875 0.9563231651735282 0.997774273318613 0.9253522973051659 0.07519708709149187 -0.19706540743519813 7.941414687334123
1.464146559543825 0.9908059836263332 0.5885321782561169 1.0772834261627235 0.4817030154365698 0.7054165324203557 -0.40191704260437594 1.0079569765210394 0.943166442927955 1.0001739493188047 0.931822439328956 -0.20976480038991935 0.1950848804261383 27.36019483019576
0.5573495399757857 0.9036060854443502 1.0142121706239073 0.563747098603655 0.18969823642748335 0.8651306306103915 0.7894306852044719 0.9964576562036026 0.974514017955388 1.0024847755064012 1.0516928836567274 -0.05180547520239295 -0.19181832938935303 15.650705565556654
1.038428192939306 0.8509065680478847 0.6605910017417687 0.7780037015434078 0.5162701248152344 0.6547466598511452 0.7085327582153895 1.0094160320884338 0.931203577168674 1.0091553829480029 0.8754716800898238 -0.20175293370281766 0.14626303440578325 36.77461808288906
0.7568152371643533 0.8932414441462387 0.7271321820947971 1.020304421133567 0.7450805279617834 0.014001902490080017 0.09406511954280139 1.003125174426495 1.1287742247767492 0.990693106089212 1.0936478367120142 0.04252590344211954 0.0732561235762893 39.241994782261514
0.6604172040334318 0.9812576350810381 0.7841038082033112 0.8379600265378149 0.3564872341635215 0.6401954577980483 0.20590476819208858 0.9991795141242499 1.1136757391105063 0.9945767459300907 1.0462197281054202 0.05370777449071373 -0.12626452063083968 15.826975132106318
0.9585745395234259 0.8584235718821062 1.4916022028696991 1.0067311846919405 0.05183435161293506 0.6324103129781782 0.9339079277799842 0.99687330196597 0.9823648172784247 1.003066406843636 0.8713569310504943 -0.033986817700009386 0.26587991132852967 17.073930262013338
1.3986508490234564 0.9588459494267398 1.1924093341349926 1.3855967146880355 0.029341751711398596 0.4503912553793876 0.931554833954295 1.0058879114170929 1.0433534193850575 1.0081845053009928 1.014833807785421 -0.2690830807903186 0.13823226671928313 18.523137746800465
0.8985536876724183 0.9439490517450004 1.3756479499436596 0.6816032594180385 0.26198344409916624 0.41443444711013944 0.9762427793419031 0.9900873778829457 1.0811965221617281 0.9994174153450807 0.9163170881302027 0.02265154627752508 -0.1573627354071588 11.554074617684947
0.5623335583185357 0.8433920843744578 0.9285737124684129 0.6511943072677986 0.12270560329726266 0.6894581768958592 0.5012170932214861 1.006906926177145 1.1077443006847008 0.9969594551538837 0.9198507025256963 -0.021717987616016676 0.17856941055983422 7.751425039871087
0.7046373834920447 0.9649970042877549 1.289817612775535 1.4966719277811547 0.13019014969313558 0.8450094663739146 0.5727252576072539 0.9938695102236323 1.0292176918909652 1.0093443195488292 1.1318202926300005 0.006293370877166249 0.13310166912791555 27.82311766240286
0.7902657542448579 0.8035858689990885 1.0153499235985628 0.5946451233468681 0.599573131497441 0.8892848328573862 0.049620029426545864 0.9966385618540665 0.8746151370348743 0.997305719884416 0.9528887377968588 0.24436928918433448 -0.031770883418564544 31.74334478157233
0.7242637641364692 0.8557041697051194 0.6783120174586983 0.8091113193636346 0.798765249669642 0.8802109798555193 -0.4412048189875723 0.9999232282703525 0.8539766781199777 0.9976343342043629 0.8934877557304647 0.12020757591968889 0.29844665964018263 21.492388479127975
0.6487420767231291 0.834492539540583 1.0979975380896332 0.7396644009289489 0.31793246739734515 0.09388110889127711 -0.34014927973771686 1.0035513703567005 1.0449637738283886 0.9924511068628386 1.0804861943944606 -0.18703987480953638 -0.016327276451380213 13.23751877821167
0.5797648220498062 0.9843620121873179 1.4104828039239108 0.9359805477969007 0.22945927713484607 0.28619939356921764 0.7214546049793458 1.0054190771946747 0.9628507457895912 0.993117825186843 0.98171565939316 -0.007071533554233345 0.28910770673886993 26.183577361388412
0.7891880841528456 0.879733718253039 0.9012133111852942 0.5748514864107561 0.14712395395168026 0.0687712992599606 -0.32820304014611634 1.0062529249478116 1.0670216723040753 0.9935650209200557 0.970135738407215 0.08949507362877179 -0.15561390660605276 18.89727613745615
0.6056331938179697 0.9393032415950999 1.1245633906205612 1.0423632530747922 0.21138319954879006 0.8028210115108103 0.7245949208782552 0.9915814349684325 0.9772973525198744 0.9961780536048954 1.0959829433778758 0.12967924720278795 0.12921481675158375 44.87103043116328
1.3539284243033678 0.9804761139012996 0.9209788910283632 1.4633663132644388 0.19481676552222793 0.8990267308826475 0.3119747406063761 1.0096284409236185 0.9288749124353914 0.9998898608679365 0.9379447530763565 0.06296526619671339 0.05310561561670413 24.34663955545252
1.4872150109229423 0.8351693303898741 0.8251188543581358 1.407405754719564 0.02061201571965688 0.34442007022403187 0.8384701862015294 1.003364355148999 0.8920520864689063 1.0010689777778856 1.1351569101384476 0.15307114978194641 -0.14025151910195102 42.27131446717772
1.2147172856269823 0.9997237517232607 0.7133470989150409 1.2145593714949314 0.6515630388183118 0.3151940079638112 -0.14371654012487745 0.9903755310672248 0.9796693166894659 1.001643126173696 1.1292173363508755 -0.260106334304746 -0.21548142122464273 28.02977513766332
1.1382953902447124 0.9380602989385942 1.094766634156944 1.1897374832036807 0.6558894125877984 0.959660094372839 0.7678132282053096 1.0043337428229617 0.9213296475082584 1.0022543811788687 1.0412013234749862 0.2766085179448741 -0.020504022550610124 11.995816434539968
0.9642988144046175 0.9308860605466601 1.2537463947000584 0.8714277095138752 0.6039161301256241 0.006522092937368479 0.9915101182955732 1.0027291711861546 1.1272725125179919 1.002925132998355 1.0134187112745925 0.23273119233163703 -0.11845018775811955 6.136168203372239
1.4328478905323259 0.9637788438139427 1.1581996485956223 0.5769701910634886 0.33773807266520894 0.77959329902292 0.056427143995717244 1.0009266790921088 1.0775230278479382 1.0023742997944025 0.9465278762655243 0.1185936081604203 0.12407975832126616 10.441651382838277
0.5268731992318889 0.9345216281057633 1.4355498586840008 0.9988084240132141 0.15273978644377517 0.4669777443112437 -0.31304516559898843 1.0052242032262795 1.0086338064874842 0.9971579293418679 0.9906483576677463 -0.026801412936279412 -0.09696655239197896 24.89854706009694
0.5858121197587016 0.8368487365180873 1.1472998609253575 1.263000585187999 0.8467991830912406 0.48916068429053094 0.7807093089947372 0.9924249087052329 0.8769569141418059 0.9974300618789105 0.9208577031340935 0.016409616648744796 0.28435253824194145 43.13772684910254
1.4174190629901298 0.9593213994751537 0.6412487887178804 0.6982876353387746 0.9656289577208423 0.5023598857551157 0.5829683564031463 1.0063240010398449 1.1417433790403164 0.9986119988450429 0.9519751188166279 -0.11784252031092024 0.29381523843606977 19.048379895323112
1.1607164998005377 0.9752385660088588 0.6357602126779033 1.436660330968381 0.8237197223545939 0.1462110958522895 -0.10734130680884452 1.003087585281202 1.017698063167486 0.9965267433356683 1.0601285895250658 0.2587678707102264 -0.04444018883908574 13.766960475509086
1.1949228536681256 0.9561575352812736 0.605566487401499 1.22364726989366 0.5355306199024251 0.9702084373486131 0.28352874312319853 0.9953609561566996 0.9571484263035053 0.999989923189701 0.917946793675351 -0.03954695969366101 0.1801657180381671 18.310800647816432
1.362885108391389 0.84577158571081 0.8498074599689688 1.082826915611552 0.2447291694720282 0.7582607561703962 0.7494680605116821 0.9912832738462858 0.9337434513480832 0.9933322205376152 1.1196982408934577 -0.06277020189740465 -0.28361586809804307 25.76802764303527
1.0014469962404915 0.8117044119457205 0.5574893655705361 0.7661661875786662 0.3207006537444339 0.40038025433898755 -0.41713527460504696 1.0005238866569452 1.104121946767247 1.0060562165741405 1.0651381803470261 0.10418115742421474 0.2778568355228614 5.844414839810626
1.3670562027796855 0.8241265816627752 1.2335788879192742 0.5875089365312449 0.6607847481448051 0.11954225836528108 0.5669325790816413 1.00121821162866 0.9495642071657484 0.9940225334404922 1.066750293629635 -0.07371938421202343 -0.03443103761767169 12.4736875591988
0.6200416164024939 0.8800078697993765 0.5641891373151 1.4846021261496458 0.9198841351229923 0.5161167830493602 0.6557802920753701 0.996374849468276 1.1209369667743847 0.9911137946256093 1.0501122609706808 -0.24189554346120504 -0.19279541564061112 38.328275490829014
1.0501835127214458 0.9682065931105265 0.9786642944544555 1.2428637670894156 0.3100448129025055 0.07329553551493306 0.6645414177542437 1.0089164164225517 0.8970270637879547 1.0085538307546018 0.9621423446831274 -0.2662127867167933 0.05412934836937744 13.343353355274246
1.4529667964046957 0.9501842095856856 0.8425341686591464 0.7152250647050745 0.25821021775926367 0.1800404314614495 0.8631095883096702 0.9976998940195082 1.095850801716976 0.9981766849118849 0.9728810492224361 0.27966910373082293 0.06857934217693401 0.8723633434093442
0.6181339744142341 0.8167526761058409 1.4686478329253387 1.4345760646825636 0.9838935853823697 0.6646700975061358 0.2667954380205746 1.0098473062345694 0.9420825225407796 0.9938106977125338 0.8946773732595601 0.18615616910109256 -0.14420690659478652 1.3973748834028485
1.3390198499024688 0.8440927336725501 1.174466260402086 0.5132815402000596 0.668457804746174 0.4406739374428068 0.9177959443464725 0.9910290014141284 1.0266544356213538 0.9991704818968479 1.126465046195103 -0.1619295166278407 0.2692730362561145 40.55432665797273
0.5222374139536976 0.9762925945925044 1.3547234899509837 0.8160999245991655 0.6365764335691789 0.5421412790406341 -0.09704683456252428 1.0019747123826372 0.9102688467161454 0.9985984477715948 1.0383127700303942 -0.014635626645942312 -0.13761963363186264 8.524111226345026
1.4374450117084239 0.8821477855101559 1.2096434987858071 0.7445895229687007 0.14396234979769704 0.049379511145934106 0.534664397787284 1.0077120551967507 1.0706198925666635 0.9929088385553451 1.1432908603067844 -0.044387866728829606 -0.21999121102124586 14.549807377137219
0.8557208200525446 0.8105015644300024 1.0783537910642855 0.9821313900914029 0.4107176827815935 0.4316213329317539 -0.23958112159040096 0.99464725303242 1.1458210136358067 0.9902665448799616 0.8512305721084323 0.11318972078468936 -0.26827115372288063 33.6069423836252
0.6432567272713796 0.8371435764202372 1.4784688099626153 1.2893887159036337 0.6238081985462227 0.6812874858275559 -0.3540232355089597 1.0068600555845342 0.9181166723903278 0.9982846929569456 1.1072496672233372 0.2617470861414553 0.03902305261346878 26.428846054040164
0.7076618577577539 0.8979036778562256 1.3658158381641852 1.0956202938920603 0.07346817489928949 0.9310053708142997 -0.20234521667198102 0.9909898515213987 0.9195360623369148 1.0079240591510181 1.1083659801046046 -0.2902323062121055 -0.0012021268414465491 26.949821533444574
1.101686051944185 0.8688958885980955 0.6938489333589056 1.493476183860884 0.9624983808627644 0.3628972105427355 0.9489990889239239 1.0039672166768119 1.0647326094098497 1.0041940255185042 0.8775553094188298 -0.1672512583414985 -0.12201699302004607 21.73697418952355
0.9664496485824999 0.9955149475218947 0.6822417813324612 0.9488475242400094 0.9788229278116064 0.27954496092699554 0.09150011771023714 0.99738793414065 0.8813533720122817 1.0054847728762657 1.0158594559396619 0.28203061790811906 -0.15910168391969096 14.02171477317515
0.5442375238373517 0.8748420983838975 0.5439653407914371 1.2909705470701438 0.2970779312217618 0.13568830779097157 -0.29352648363877926 0.9932658716163694 0.9255267781237881 1.007736968652781 0.8672437301798481 -0.2769101392194605 0.2809453536485173 37.794886741261415
0.7469539439762686 0.8255211798901189 0.8132577274014381 1.4275461378388619 0.8319377008591926 0.19454236429717967 0.8703631977040369 1.0000937058573238 0.8823168440861688 1.004526498505696 0.8958895046283066 -0.09257895578848396 0.23678694680306983 31.445945371253323
1.0275535675211116 0.9481295964508252 1.326562957202455 1.1761309537132758 0.3613708125293632 0.33490049321952037 0.2018233890019454 1.0010495549296734 1.1349660818498803 0.9953593973773827 0.9450446548192085 -0.2970091219159541 -0.06425963016464475 38.53150325120135
1.330416748846004 0.9373019863752402 0.5795902131756134 1.0514866486034735 0.4335149458446014 0.8221431415040931 0.9041346511966695 1.0082772808743699 1.0489896980926363 1.0027212988424554 0.9685631361829915 0.23839931782885398 0.10760308875271296 12.706980172415067
0.9917189564137625 0.8738882892589434 0.6128656341989519 0.732672606129636 0.34615768457427687 0.6742938481204642 0.04389669699981136 1.0040455701676272 1.0194191495422489 1.004845395178695 0.909072241426945 0.21359920331123267 0.05929567265216806 35.315319691913444
0.9711271810075174 0.9067757901976752 1.4891968690448119 1.4850974174265827 0.7197010130832889 0.4741678239384584 -0.08273985794078798 1.001811929004779 1.1374615363706 0.9937839126108192 0.9976697194833355 0.014664239361147913 0.12241194275098455 34.68707182889589
1.3266161199740656 0.8026330682881713 1.165751228285913 0.6399397228366375 0.24516696783614644 0.12936826757575387 0.813712465066708 0.9955682464082878 0.9662127790013805 0.9975509119566118 0.9284976737325618 0.009368152559343867 0.11209446911623294 16.823178833171024
1.376113861619599 0.9086741118581534 1.2613794468904764 0.7587359080239304 0.6118234924907211 0.25791927337953874 0.6790966927870898 1.0075401391121015 1.0349619790665947 1.0069467807936434 1.1029406535242234 0.29435738580285714 0.0470693557336036 14.250076616788526
1.147221262165921 0.8498008325983618 0.7916715511570602 0.5022473495387825 0.5765195458830028 0.6205976307586318 -0.3610850455875136 1.0045350008278364 1.1090171559552513 1.0096207143210838 1.0733343470216263 -0.11172296464155626 0.26060085509745307 33.37711592349664
0.8420089258077836 0.8052954654925752 1.003808542084148 0.7484980949055957 0.17899677215800544 0.9981702019808666 0.6482850032134355 1.0021967661430373 1.091119989600107 0.9963501368911881 1.1228724268532142 -0.016956577442520993 -0.011455865493023298 37.198043812249416
0.5095154141904269 0.9455480666583486 1.2920183879720506 0.6905551023758479 0.20861534964271633 0.719944974035378 0.8045654284345214 0.9971420288588014 0.8609066456356304 0.9990456731797546 0.9059117279973229 0.10595892228539883 0.1502112793487061 12.855793644077067
0.7713625687700683 0.8535850459130565 1.1423494470753044 0.7936515857896862 0.7249088355652451 0.32475639985876 -0.3002192130132099 0.9940308312267353 1.0120758143649646 0.9941081238172311 1.0471723902016166 -0.15116929450970976 -0.2115796264818161 1.7314654594049277
1.200147640280287 0.9335276450861029 1.3576619571274002 0.9942779336303493 0.3731544432125062 0.5997829454177809 -0.11490193217160027 0.9952404442733801 0.930776066928549 1.0017652418079745 0.9833150185350346 6.96593097780307E-4 -0.21604052729044498 29.400251600162765
0.7674211767761672 0.8081008725189311 0.795622341292948 1.2578906079998595 0.8072148386750612 0.2748625926250712 0.25158191061167234 1.0022958301457219 1.0619706468185695 1.0031685164193076 1.1465060015128397 -0.13465492633829512 -0.171539703841045 3.873448498233379
0.5018754873549681 0.8309823237722157 0.5129454080566994 0.8206015592719291 0.3449217603251371 0.984586888677471 0.6177981421465348 1.001121605355895 0.8501785778961222 0.9913924128771627 1.0738489812103271 -0.1299052636379109 -0.13064476483116383 23.10722764151269
0.8277323246385333 0.8622766012058821 0.919289353543423 1.3914837314330237 0.375094570324792 0.5856902731957568 -0.23594973695853172 0.9951211939725532 0.894555748525676 1.0000913425947269 1.0272441305950124 -0.08497936247230217 -0.2810040532611325 43.73399524546685
0.7969789157777499 0.9783205954391375 0.5397997313998746 0.508669413848411 0.9867072354776901 0.24226026753085964 0.07944985240503533 0.9947132565145569 1.0598515284493926 0.9954058364958228 0.8649597533459669 -0.12852075996099144 0.23844923488156705 9.7166916933554
0.9881869816823545 0.8835707511325457 0.5073374919313235 1.0131206683823635 0.07796007594598658 0.4595756737148214 -0.4789436094933858 0.9980168966876819 1.1199130008968723 1.0086980817557019 1.0857931795432962 0.07038139453894016 0.2625763570727712 31.53753377301264
0.7544560040311226 0.9004866867503346 0.8083948935315943 0.6101417258630047 0.5084492777689854 0.47605129982662225 0.8876641669087986 0.9972892795416872 1.005639282817403 1.0064240068919545 0.9120603351913038 0.15742607094300548 0.28725934939290393 42.02183262694558
1.4265758961490276 0.9270449707716036 0.8515192012802728 0.8849988693516492 0.0611365818945373 0.7950427611647292 -0.03458894283700353 1.0004705999287564 0.9966759842705987 0.9901724719155928 1.1126287817858784 -0.04901394438049467 0.21892966305983347 22.370810800619335
0.7153680224004769 0.860683743995868 0.7438066068018329 1.1945597973216238 0.7311984858965824 0.7867294747249349 0.8734857154978817 1.0046085133959206 0.8649495255864835 0.9925483000846365 1.0685799561655882 -0.0644558231492397 -0.20494086765580868 5.119342217194619
0.8545328272562285 0.8994290367442599 1.0530322056782977 0.9734797990658615 0.7828507833713326 0.1428954973481261 0.511874966185389 1.0049964806410276 1.046772333847 1.0021114557445758 0.991360594483956 -0.2433937787989836 -0.11237835646249897 3.4715061821689455
0.726737763565124 0.8238178890987357 0.8690287595470025 0.711912687559635 0.20448701025927601 0.9872243844101966 0.8983620792817115 0.9987571198818129 0.9127414482507035 0.997227592331305 1.0218041866593213 -0.04769564957969852 0.12601909401508038 36.038986591018066
0.6548831663190247 0.8771475554503064 0.9585168218517264 0.7086197798592997 0.469873109940192 0.4837402866333842 -0.06376142590804157 0.9983554872341016 0.9858036208752459 1.0090201299968768 0.8709179083208958 -0.21589530299549325 -0.09258694533366155 29.608660198119058
0.7131251924446623 0.8128459540063226 0.632415095420882 1.0296801428470332 0.2333797455661532 0.3761887482247954 -0.37182259625907993 0.992614175247319 1.0644331238261482 0.9997605469596246 1.020101066836171 -0.1839914042012943 0.1712226281716397 25.234211297812298
0.7632328426475067 0.9186614499638118 1.1809984676518595 0.5156451774345042 0.8693222077340167 0.34525957907290433 0.19733930138382216 0.9936141757945325 1.079279245525674 0.9909795974349451 1.0839088965590102 -0.2251686995175734 -0.08991715869526487 25.96621953806516
0.995065670803497 0.9442742962692124 0.6457047992224767 1.3525293140978518 0.4462109146381769 0.30985738254068446 -0.38933034030434077 0.9905839507178186 0.9843060747888428 1.0057793001346593 1.0494360297451146 -0.2509170294534719 0.03490868415314413 26.741528442701487
0.8079219773480331 0.9899962715242121 1.3981445802269656 0.8041542167215895 0.013622957218697693 0.2959317541230469 0.5193663142404785 1.0097541384327096 1.0270693259774906 0.9934120430437647 0.9475781646665735 -0.2207834939335137 -0.09389190228343222 3.6255791734980485
0.8708801216568273 0.8262907468197433 1.0253655202479979 0.662164787641101 0.43641187966479544 0.7903950084541413 0.1351159266341284 1.0001330956747625 0.9243752643077382 0.9900262582487209 0.8797992359911362 -0.17388682473179792 -0.2497311075386957 19.46630254317394
0.5473384081704811 0.9298494272174554 1.1166977361414303 1.1623769096329997 0.5592078271349364 0.15944234596880827 0.30318403891076273 1.0032900834198462 0.9414872567342507 1.0098457025450303 1.1494356071913083 -0.2874959129786513 0.07098624252121671 21.10239966211284
1.0705428099072973 0.8527694170120248 0.5504269665907141 0.7043765205351555 0.8274003476581597 0.6656245658634385 -0.17791954976217483 0.996730902269939 0.9015557013308002 0.999695377895256 1.0633993987184056 0.1686665753277094 0.17086715799875862 28.946148988216123
1.2979101601689487 0.969509086093874 0.6740713688991267 1.1468083250541408 0.39247456648261725 0.943856547362319 0.21551400332777892 0.9925963851661787 1.0797937635180173 1.0099103660822708 1.037101356823812 -0.22263393221677966 0.20800962490468827 23.451466656030252
0.6012408113302528 0.9075806300653785 0.5241058148492654 0.5676013469884121 0.3699734361453529 0.864639562922541 0.41797198990772766 0.99205116468265 0.9384842411361732 0.9918807934465476 0.9940268387552336 0.12735315966313665 -0.17703446939628406 4.611015423907066
1.3419856721525978 0.9213441451339117 1.0679366462027535 0.8951326981617138 0.7523561869726454 0.024441351025452775 0.43301858514685576 1.008426979717031 0.8676859677544445 0.9978922184373552 0.8830898704852553 -0.19677587584770515 -0.1495433810306956 39.95857433299992
1.3737444304688031 0.9832196143084451 0.7795389606115888 0.6894008366137214 0.9034471125526453 0.5629514699995054 0.3720912931802697 0.9944140193082196 1.0026307392094544 1.007166631557326 1.0003249226715183 -0.20647511039400257 -0.18863665737455398 6.346977086782067
1.2555767037170358 0.827765600567928 0.767227431026434 1.067466867671186 0.8885398999810793 0.030458382481651412 0.7644625704080419 0.990144405109616 1.1111371631610627 0.9921597276291239 0.8607378470372987 0.23029791326343613 0.010003524508520545 32.45293399255876
1.1870533602611906 0.8886739573128153 1.361096879962901 1.157540978923418 0.42596453358630487 0.19915579604815495 0.9688836952288025 1.005733349031502 1.015256687202904 1.0014153943598745 1.1390437027371454 -0.037745478114101505 0.1604099518901108 32.66229147716795
0.866416238483319 0.9609557703061252 0.9863316049861631 1.0910144233604777 0.19870743360041876 5.318554518038976E-4 0.4114540413184904 0.9956829950788106 0.869519717567837 1.0019161596758104 0.9836662577755295 -0.078099381732078 0.06241160845836191 41.240315143904745
0.5110861947030236 0.8473275405076734 1.3822084885935837 1.3088097115802175 0.6874795692143939 0.37409299769020893 0.7574753415724429 0.9911852186123503 0.8687105876177794 0.9980508298405089 1.0194996603652364 -0.2919485960489499 -0.25727025862701447 17.289856873258074
0.9132367773473569 0.9130535023023947 1.497318699194643 1.40170578691128 0.18301790853588945 0.6115518509752427 0.6253362744671884 1.0048789430755676 1.1007831744221375 0.9947815725625557 1.1368301015989704 0.24674081258312303 -0.2032050909979719 36.33745743932925
1.283251060540713 0.9717780915982077 0.6573270798113936 0.9310959602529025 0.1670112316059343 0.38834409929951824 -0.41787850980053837 1.0020434800644873 1.097435054086577 1.0053590323360317 1.0324424734979853 -0.1913112899404828 0.24154338739981668 4.088062757822782
1.0673075870158137 0.8299936366425653 1.042846644240281 1.1429184228215368 0.7891034484786307 0.2457780391823644 0.810864230582683 0.990780542864131 1.0726114029765972 0.9946321934465252 1.134089899291532 -0.10385534288965362 0.023840249279513948 30.633970395253822
0.9757773363083411 0.869255219211672 0.905738121255157 1.2790982978952887 0.592067524527444 0.35049244040229355 -0.2535999557953609 0.9902768399823565 0.873143361404584 1.005200462222022 1.0879018891484586 0.041944563630885556 0.27070220724171873 35.843794812782484
1.1223090565239882 0.8678672892737759 0.8008833604253216 0.8440794524977854 0.2757607447588901 0.2617784680230555 0.48703516711918815 0.9965288704548763 0.8519267054599196 1.0039602329674995 1.0766217679460137 -0.06897616003130957 -0.06989878918469988 20.45521326526302
1.4245568441167893 0.9948217307441005 1.330269735361935 0.581704903788961 0.8521843557837847 0.7277739289157946 0.8574042042038401 1.0002746939580955 1.1143071967966103 0.9987725973667558 1.0331887532848831 -0.00160261141547835 0.2548036047400895 34.24385319657279
0.95006479234738 0.863927052237432 1.4203890816013864 0.5248048678461913 0.08051136374885182 0.5361117193124659 -0.013662160665991463 1.008715701916211 0.8601702497761324 1.00503917262386 1.1010466343261878 0.04907679718450775 0.21364557851243454 3.240725896230427
0.9384254673413372 0.8616864497581515 0.6696414002338767 1.3197351050369734 0.6912602663175098 0.6455267089532942 0.5965405681314968 1.008363343482443 1.0230607700046281 0.9979482078276377 1.0285474558769159 0.14462869295571718 0.19402258014869128 23.89942566352798
1.0459060016463118 0.8155067726389061 0.5323319867163462 1.359658521228342 0.5341773170538728 0.8719054265999837 -0.19143019545726891 0.99148697651662 0.8567470091680179 1.000767529165338 1.030767477961208 0.05920255286131815 -0.15183251858433985 2.375260045737357
0.93444888821698 0.97249143408313 1.2767454689050237 0.8783331084415589 0.9207637369602238 0.46349682004544485 0.5542262450620696 1.0016715511594305 1.0327292154198542 1.0026165302656387 0.907699649185661 0.055757541660082344 0.10277706557369798 14.644660860967765
0.5700462474340874 0.9190284825830841 0.7019554868270037 0.8254485405983895 0.7061725378486766 0.2516323239386558 -0.2658516535370685 0.995731381143348 0.8871243092426774 0.9988035226071298 0.9735547204045367 0.09932550174824611 0.15499601035271032 40.46109884868711
1.140262629851995 0.9040864755824812 1.443216398804501 1.1271995037250164 0.6825211026870274 0.8428355600299042 -0.2897343490208378 0.9943864309918424 0.9269610977886185 1.0037586602618778 1.05771755604424 -0.05589404509554907 0.06466557921247029 7.362121840890519
0.7395908594333896 0.9654057836630455 1.0085984360607894 1.0170092208582635 0.49825253538185704 0.22749736689790984 -0.044484008845801226 0.9998865317255214 1.1160767514125545 0.9957583565104879 1.0787663034217123 0.2570396391115692 -0.11076168239001755 42.43506286374666
0.6976997932551885 0.8322276004333664 0.7202630139090322 0.9448064420436796 0.5817297815139455 0.12475139751582583 -0.42671993792935037 0.992967058955229 0.9390870597767271 1.0070672544912491 1.0992961789685103 0.2053527788878557 -0.22665744232317495 4.7657645508537865
0.5334302025969853 0.9363280733034408 0.8781225339472518 1.4595486356251304 0.09182875572862609 0.5221506874576111 -0.0678876729802721 1.0028122465671585 0.96169999473695 0.9958841424007316 0.9683903876012063 -0.17011712152389935 -0.2600138532798392 19.731581911927524
1.4990116456969482 0.9987993545075085 0.7741945395587759 1.2823165838008623 0.6424004406285583 0.32866436041020103 0.9561956854699771 0.9960474860993744 0.9583702155705073 1.0094256977097344 0.93967366671671 -0.23919185890674372 -0.2626636134460881 6.5629802705237745
1.2660514306475812 0.9172374557784557 1.4472136167023149 0.6179191402920016 0.7915239473169349 0.7026362229245765 0.27962165985956 0.9993272738724087 0.9871689476259979 1.003294742557072 1.1049849472624147 -0.28399619493215317 -0.20000844725392708 41.060761165746484
1.2357635938729747 0.9739673533372012 0.8187768883404043 1.2954018297562881 0.08596991410651389 0.21142728683389275 0.4549917337330973 0.9988170942132524 1.135801977462525 1.0062043626786883 1.0073738028782582 0.13994064434712905 -0.02615146545721464 44.448689483230986
0.6829348909261216 0.8380331783731871 1.4701909036361558 0.7248365178117337 0.9593307611375977 0.9241938157227993 0.2890572522615855 1.0064013237691078 1.0241790808497204 0.9959599812227099 0.8970773523813848 -0.02807161797399854 0.024996327795380413 22.02133503815605
0.6793557798801574 0.8184780390073821 1.349353791875782 0.6768983145292462 0.4059504912175768 0.7848920320253904 0.8249919708372788 1.0008267008437601 0.981236995991572 1.0063840030908153 0.9133813255489023 -0.14552520042759878 -0.2432264719279638 19.329255741508604
0.5693829180680617 0.9623114883985789 1.4065942316340176 1.4538776329836833 0.5253310948462804 0.18750586445807665 0.7914265138048104 0.9992770353705449 1.133413875907684 1.0072122844750602 0.8664623131454849 -0.05733428285823294 -0.23581177624749922 25.197229151434097
0.7342176947729834 0.800374412948394 1.203135690107866 0.5380285786521674 0.35017618363481456 0.8905775799953429 0.6866167842403765 1.0014690088311797 1.0890086605032627 1.0051372204729343 1.0968274287801565 0.29364663957557086 0.1883286542917278 10.891367415730125
1.4655836776664883 0.8485568748150163 1.2159466952122968 0.7535241620432891 0.3877664137901712 0.31158012560906756 0.17138767887473905 1.0065184611508695 1.1182460264679177 1.0020549026609096 0.9607420587946855 0.06772111703551364 -0.18286867933713666 31.17157141649911
1.1994130331340225 0.9821871172053285 1.247356206959282 1.3215724916132232 0.8930713541885826 0.5673438458547478 -0.16099486679263914 0.9970534476538105 0.8836573016962748 1.0043183152738338 0.9788671338550532 -0.2576804320712309 -0.132763293264579 9.033822249311585
0.6894275381781421 0.8148905741653667 1.2377879953481843 0.6667578034902022 0.27121943886639455 0.9544352314987371 -0.43659232404445697 0.9921815460704 1.1399476704691078 0.9952084154202382 1.0618977739502227 0.08001491823573792 0.22394094497251477 23.82180676945124
1.0106311503236585 0.8753953177790812 0.7518043270294684 1.100258537686107 0.5117293016247594 0.8102063153950578 0.8462563305756616 0.9923882862991841 0.87891615505088 0.9968659993233956 1.1241193954979047 0.2343586832029378 0.16275439218751941 38.02617953218794
1.2287551452332808 0.9229918505171377 0.5934530561772036 0.9572623745211278 0.9987168433204021 0.8507851159014103 0.06293235239748374 0.9919772208440637 0.8622392440707859 0.9983623434195132 1.0543833477561562 -0.18105299554740617 0.20542686713373076 37.82360972551274
1.261045450001674 0.8065139351918831 0.6856047162422112 0.8936509002261339 0.40444730473060564 0.17911013939567302 -0.19727919010961298 1.001539725754903 0.9647713754847771 0.993694215279154 0.9771470174635033 0.004639476165085643 0.2007042621849618 0.5064700329367835
0.6357897249382194 0.884036310167974 0.962432273319082 1.1386102574561117 0.5218254759370237 0.4095865013856478 0.4931870341729685 1.0092416423881099 0.8587874096865226 0.9907014954508294 0.855767998685293 -0.28170920803617844 0.14296475118935598 15.003898438321578
1.3472496655893114 0.8954625117973166 1.483773186807697 1.1802944313963437 0.0415276544473075 0.22492027283120733 -0.47191761097986357 0.9933695036114039 0.9505129433219288 1.008428937381314 0.9873134224414291 0.17348115538232062 -0.16391331656027397 9.234655022976511
0.5943095754188841 0.9795847398099305 0.764669958007333 1.085102955806821 0.6155681593320577 0.30162981441334014 -0.24743586006038726 1.0037352996477475 1.1294123874517208 0.9910871079792742 1.1282171350632124 0.2710094549673783 -0.2734180505036622 16.050363276944164
0.9483126394339743 0.8649616125241982 0.9379980352175851 1.202210482674559 0.7629920248507346 0.570665826866057 0.8346280272714639 0.9954683878660805 0.9234129213212444 1.003589135152468 1.0432298653175969 0.17533700125148938 -0.08362868083506553 16.547275218036663
1.1512292975710885 0.9858641400466731 0.7339088032774836 0.5518327620995163 0.0495329850210522 0.44517565849306096 0.1801149247684508 0.999711921059041 1.0039212317441073 0.9967190019055505 1.0092262164322316 0.16687710078426715 0.04306695217559575 28.543663779131297
1.088086189320127 0.9915286007221233 1.4642586699435474 0.8131189150405702 0.5517926188617828 0.26559809589616407 0.40325727290839675 1.002563776830248 0.8907310609229614 0.9964768650036632 0.8599810864399623 0.2856790835073834 -0.2930856756310465 5.952114079882719
1.129859735132413 0.887533210459139 1.228933633879782 1.2386234781001937 0.5607267101076148 0.7399334355649374 0.008670674618827978 0.997738038154065 1.0451784654897938 1.0059644383297424 1.0440489267244262 -0.15809409632489657 0.15887218090073146 3.083886256184861
1.1119886269996164 0.9205014557373761 1.0476460684807376 0.7976421906731757 0.13927877640046502 0.13492236381475864 -0.15160715422541826 0.9949240059278296 1.0916254220932382 1.0011497976418258 0.8893107376759283 0.22254528483817365 -0.023882381789457285 11.895515448147556
0.6747665289830119 0.84182941437942 0.7595917300678645 0.9080835783111572 0.773239595557367 0.9697566130632289 -0.21619701527737423 1.0090314589517382 0.978185920503515 1.0056642740551311 0.9006889365803323 0.14892084236190667 0.17667142968382193 31.95682693311379
0.5175177026798043 0.8899788826447044 0.7470419936005835 1.1146253728706046 0.28469619506911253 0.8769783767068979 -0.271044635228344 0.9984070514360985 1.0560209159085234 0.9949794282748433 0.9663156025104503 0.2755431029160775 -0.24610220644647518 42.73889829801711
0.8046242833738217 0.9577266275256264 0.9501593100818378 1.311578051131227 0.03464635310479359 0.5331388092629927 0.9174670594660703 0.9975629124752998 0.8886495096689244 0.9912785409083624 1.0045348744904041 -0.24776677629798205 -0.0680115915908926 7.468290059471595
0.889134625174643 0.9526936590359122 1.0331608758184792 1.3997738203443444 0.9743331540998144 0.42189698399851044 0.0017469047438871677 0.9935017820210537 1.1223542534924817 1.0015498459710914 1.1118958944612962 0.26986441875074446 0.24947690003857242 13.589321897224156
1.0577321479455035 0.9051917431771773 0.8820494883901309 1.3602099912163768 0.9340102857241785 0.038840894272336 0.3231927152369741 1.0024591260874918 1.0869839038133329 1.0004813360393314 0.8863143824739358 0.09370289168317619 0.030970260860840593 7.1356531365297995
0.5374754594259101 0.8046612864970047 1.418779986341297 0.7617071448304582 0.3319237941662032 0.43759820997891863 0.12944632366288622 1.0013894808758144 1.0010245288951665 0.992268954111331 0.8688495044479075 -0.09822634413830697 -0.23187458562859709 32.30464330328065
0.6125634926059094 0.8199374284633882 0.5258532533021175 1.208789582883826 0.9475548368806985 0.21827916021629248 -0.22560771202416952 1.0080516779390714 0.916277403477585 0.999327214182371 0.8737043821340695 -0.12348666882692216 0.09497913212192671 27.61016122683416
0.9057591589288917 0.9612579682510629 1.0633747017547401 1.1651856490131198 0.28738907426101845 0.20719351854647114 0.9955878759797436 1.0067946648718573 1.1426287279521614 1.0073734745850509 1.069564643999531 0.09023630756203183 0.24620660994845628 17.801726948539173
0.8166492628596882 0.9253807584369937 1.2409284231082394 0.5573628926406455 0.8440688300997896 0.76657136974085 0.3391864530205395 1.0071259558019663 1.0579960204358891 0.9951060065506891 0.9956597819998363 0.18966583687993488 -0.28907976964472143 22.716970303870482
1.1780876079861557 0.9286602725697655 0.8876238001921677 0.6040871199987403 0.5688058197887635 0.5794415817740312 0.6068828789314429 1.0081157090210504 1.0530830302555803 1.0033182257984663 0.9753050165498074 -0.1799893296710287 0.29461213529620295 6.796839116524413
0.6332937516005503 0.9129776893153548 1.3417061709085372 1.374357447934948 0.32791956100835984 0.602267866220873 -0.07798911390129187 0.994180740209289 1.0839792815001208 1.007630448814699 1.0814117765878244 0.027212967156054035 -0.2649666594120332 41.57897648765547
1.2451820112196927 0.9975603495111296 1.113549651198201 0.9677946206027737 0.12832495874418542 0.9037867438397162 0.11792758590398211 0.9939851503873519 1.0113530791285152 1.0009796902382109 0.9996613540741575 -0.13565947024887118 -0.20824427048384256 12.311626730863955
1.170506139740898 0.931083810706469 1.1783923079510115 1.1711967499290434 0.6961612377119418 0.04440854093096565 0.382500553086883 0.9942311956666399 1.1393829646351827 0.9914531621977363 1.1471808629305424 -0.29669256582013737 0.11589472546806379 0.9180551421715334
0.9822147569301909 0.8546415169242894 1.3118152155940352 0.9281583795915366 0.6720165850890835 0.2837029079612699 -0.12311607671890046 1.0070853605393952 0.9710996777036929 1.0040769989228764 0.9348542320526085 -0.08237549910633543 -0.07802582165601968 8.770239766806734
0.9165555182456946 0.9469652348511901 0.9421943220875995 0.62409354110716 0.2514091079331999 0.1645686963523096 0.7376672119231356 1.0006095429727746 0.8846824602423664 0.9928172904999584 0.9326427939991997 0.037693891171463045 0.0021994726156738253 21.16147695559969
1.309336729805776 0.8331001367797294 0.9323902638137412 0.6050722617533085 0.9079249009177653 0.946042605567554 -0.325670832787072 0.9948583745122754 1.0499694440498286 0.993010017968571 1.0754678392279189 -0.148540784358579 0.08975037815029846 39.56066273034234
1.4772141643733554 0.8315321669640061 0.7177933374156862 1.4459374916452754 0.7682546219630195 0.8564766644606709 -0.13325183563753518 0.9916548959693048 0.9145561981155926 0.9984700832998574 1.1053956438736547 0.2981184406549577 -0.2772670435268516 44.66847818551613
0.665897193699689 0.8984363149348731 0.9121924791636071 1.3333492461102474 0.11608132261247295 0.11363929088954665 0.549493445709673 0.996984112433121 0.8552690276044413 0.9919311211450516 0.9271233343228881 0.24246288642414177 -0.028465313651206525 10.240053969226638
1.0422892486348125 0.9499878409197999 0.8248760440459748 1.3823315063117545 0.8959350277604401 0.39824798459027533 0.035415931180218685 1.008647371077081 0.9919018740682094 0.9962022779377138 0.8882443554065971 -0.1218245148644618 0.018758689658339767 41.71368322582414
0.8110461181684301 0.9742484001058 0.9733556118822979 1.4173020870406403 0.8573054367386845 0.6551095565600006 0.34506996980026905 1.0026766875434605 1.0853998602641277 1.008279251219615 0.8539314153577598 -0.19390542479018175 -0.16543026203607478 0.2474898097602709
1.0843730183387832 0.8176567956089343 1.2113278901995996 0.9127885188254963 0.38342179455645176 0.5052480591275662 0.3282695058599303 0.9996632293995223 0.866300878369478 1.0058344806924582 1.1167957902711083 -0.10142186022129154 0.16577105168132628 40.87324957064875
1.221931197181046 0.9160794693732542 1.2997016039443265 0.7892151619187693 0.6313618700381717 0.9292920832011716 -0.13054833789502568 1.0099764657261607 1.0930443692332843 1.0097287207263697 0.979123655335078 -0.11519437866202076 0.08184186250092651 37.39183380690212
1.1081682585146848 0.9244452931836628 1.2238049641169608 1.343565834460584 0.7286938893167032 0.8269293487942427 0.013398784781579076 1.0029844961982428 0.8981612401122656 0.9989516084353296 0.8807085189967225 -0.1432900978001565 0.08653670934229879 19.979541675489116
0.9024518095260678 0.8135826979277659 0.5035085160481038 1.1227024973308044 0.7555882920508752 0.7232636015077774 0.2977645208621713 1.0078507006130124 1.060658538588909 0.9955592500286794 1.039274473140014 0.1629348573177482 -0.23982247237008114 15.133705616050635
0.8481513477247635 0.9415619950467217 1.3086660766451745 1.0582316302396904 0.1555650923990059 0.10066565239746322 -0.1757451822657854 0.9922448109701476 0.971948970207703 1.0092178412337902 1.0107512674274437 0.20139940661835648 -0.006731199474442728 20.83711307982856
1.4144601785317008 0.8421219978159742 0.651767019908829 0.7282666973569085 0.1632806007697688 0.23778577853235391 -0.48999743139753615 0.9961747711865372 0.9447421825258824 1.001295137684239 0.9406805877208618 -0.08781512376922843 0.27309828394553454 44.065671854579556
0.7424022176536895 0.8402627044618933 1.4335734550061519 0.8343972908410686 0.4564805880952964 0.09796705184165698 -0.16575752228671553 1.0085971078062126 1.0206453393510435 1.0065249102701912 0.885448768094886 0.2881820873239344 -0.049105063410207817 2.791218990976771
1.4497646581754797 0.9472737920506101 1.1617624287485309 1.0619812624399483 0.7350401523963875 0.9151772218244452 0.48240879480951593 0.9918420527294828 1.0146161372124012 1.00890892167867 1.091963716278547 -0.004151549791910625 -0.22338589937359865 0.21619259257885448
1.0218970256316167 0.9515646334526907 1.4258510667809579 1.3002821749613458 0.6275227473473505 0.609825986711535 -0.010862859475898046 1.0051490500490436 1.0982108403853277 1.0067664852769538 0.9103800121956136 0.25020010339238635 0.20158919697508343 20.63100755226596
1.0640369020361935 0.8213890498138778 0.5199477928893405 0.9537086979216498 0.9121008735850754 0.0772146698308082 0.11000162904650668 0.9937655515062102 1.05207331366271 1.0044321644028835 0.9016153963722007 0.22634232101648594 -0.05240531519312813 34.44799274436185
1.3909237154549496 0.8280722916266108 0.6200391906742536 1.4740653443981186 0.39982923205214205 0.059383253464925914 0.5609882235002086 0.9904027643564414 0.9086369396574523 1.009583962299977 1.0043947924692425 0.22015393976258707 0.006918098878251677 32.973422760356215
0.8808636805093795 0.9269271494615392 0.56511058932995 0.6487670637656613 0.41573861410599255 0.10628789713583052 0.3901029370852409 1.0074356640677848 1.0062012981310837 0.9926353196803409 1.098268710110674 -0.10532132038973571 -0.07424856264303684 2.499811704079232
1.0964239993685947 0.9404190675403872 0.9809388421830036 0.6273580745938816 0.8396930672589423 0.42994533611065633 0.460057451510387 1.006635467275698 0.9941185395297623 1.0068749739731786 0.8624509908880196 0.19393832385068893 -0.05455098579358114 43.591987380337514
0.8349285624095925 0.8864521321642179 1.3166834312671227 1.345973946734946 0.5411875924815914 0.9126430571996809 -0.3058715102273847 1.0061094298772548 1.070215957815542 1.0042445911841906 1.0886629895990563 0.1372226555827578 0.22725284512610983 33.99700429071238
1.2169156427643297 0.8565468771581668 0.8963915394076815 1.4402771791950446 0.9519446232720801 0.3949716952036619 0.5885277647037968 1.0060052071435366 0.9908209822376866 1.0038109220632478 1.1409357283215753 0.11616023709938716 -0.2994415665225372 40.27091742574086
0.860779876636971 0.9935930382366369 0.9671595694335984 1.4240146598394832 0.6798689755906927 0.7105488974014245 -0.3872559887948381 1.0017032138009558 0.997665602572707 0.9970726590470731 1.115043819498977 0.1961124883868205 0.2552067438737477 30.33261517957795
1.28829779724331 0.9152277900550553 1.303229906603758 0.5272845553932346 0.9934697858053222 0.499259122284952 -0.4540120386223028 1.0093601348666865 1.0383163493436847 1.005504695785592 0.9927863604564952 0.020248025312161244 -0.014433872652855229 35.609796256240294
1.0339543826342261 0.8780841411354496 0.5955571292858848 1.2488704809101 0.23619586233236806 0.9072126872000683 0.029451948484524704 0.9959197255680667 0.9034012116904946 1.0049233713875096 0.9244774166164978 -0.17625508601980142 0.13773996223055224 18.15678526098091
1.009816654511124 0.9116097209335432 0.9935811656772804 1.3361723559833143 0.1739160500664875 0.17121883983133063 0.7347927122490232 0.9974232161094249 1.1102871286843328 1.0002022066701637 0.8991698594857873 -0.009881123323902674 0.050666050676592134 24.185176092370124
0.8908309242994299 0.967106132097774 0.6980477112243498 1.3777042206102639 0.6461519806293616 0.7741398111673862 0.22275526856014094 0.9995261297275373 1.04024297637917 0.9915368718437642 1.008416098940466 -0.2707317034379083 -0.10142558762424739 29.95656461216298
1.116684744625656 0.9012002906011165 0.9980599330332545 1.2334098726267573 0.5461209468050375 0.7512033741005819 0.6407555798134432 0.9917783776840476 0.9886114058363247 0.9992886126112952 1.142387981838497 0.08608803946662702 -0.27273316117135626 11.427714755047317
1.2529790122626578 0.9326272091567536 0.8626426203260054 1.1316044688637485 0.06771531983700073 0.833862654620731 0.4377992665909576 1.004413856260543 0.9693078683502531 0.9916016118604968 0.8914067993145387 0.06441950997493945 -0.14165753255900146 22.141102858208576
0.7813136994656507 0.9355615482321471 1.3864918426096833 0.9869555660156033 0.22355315268110124 0.5107225158632656 -0.021244144149704325 1.0076831499549834 0.9466278302242228 1.0047833001003845 1.0557761389844587 0.2178129265619922 -0.11414679040907608 1.8020601122828146
1.07802159161642 0.8200609618350622 0.7896028958929029 0.9177004505721758 0.5878247215689271 0.294245991448116 0.35855178179740776 0.9931612089004205 0.9670287588584543 0.9942880138841077 0.9546713073265265 -0.03173244604164849 -0.17602062817309733 10.710542945242675
1.4832692844277258 0.987669379135327 1.2670459568822787 0.5460356778203653 0.26955499593135673 0.5278966872107151 0.07616246847524444 1.007216756655899 1.0099634707067031 0.9943612905008805 0.8583282160928092 0.1989651182074147 -0.03910680649891374 5.347624147371767
1.4907781981270947 0.992692892032268 1.1278658048673442 1.1951656262912773 0.49236979805812603 0.6359234239601905 0.36811554865647933 1.0034316838397952 1.148694008771185 1.0018555036959045 1.1454853230598685 0.0748155557978698 -0.1060793204298934 34.91755233538535
1.3864566163686187 0.9867761804534156 1.0215962436338741 1.2153732292047643 0.87301030751362 0.6287983494762269 0.23051025709530282 0.998679485878173 0.8892611717003491 0.9905593104977832 1.0903101054597102 -0.09500944861613553 0.00552950456535628 43.3116061135964
1.2935980440908603 0.9425124915402889 1.2721311494332568 0.9768451562725818 0.8120557147979582 0.23319821850513087 0.8861217839496958 1.005071535211926 0.9048643834480701 1.002837635667222 0.882374718033551 -0.21880445102822374 0.11876472336735217 42.91327839900636
1.16996489878542 0.8963021949260621 0.7391293937878937 1.1542068084915345 0.7021648245588069 0.9775735165791719 0.6757745097685532 0.9981330445670678 1.0344245963202223 0.9903727685160372 0.9151540028993472 -0.01846705956212169 -0.03862143358165532 29.099220811336476
1.3831121657308016 0.8912584441772603 1.1314954322949045 0.6414611046565548 0.8755327609062796 0.7305557697094149 0.019431843351708 1.0038996556612843 1.0994729358371185 0.9932544065861766 0.9884341072198111 0.08389310957840346 -0.04669051953265796 8.894247957975287
0.6915895337547868 0.8397522458314395 1.18745469138412 1.1088370689208351 0.8818552368354522 0.49440190229500186 0.15929176240834808 0.9958839666016537 1.1245616412383497 1.001300047057007 1.0599833182146916 0.10977337779367835 -0.2280798616787524 20.238779522020906
0.5501431303287431 0.9548673141862052 0.7085091061016582 1.269236918461318 0.48697536298539235 0.3848117260337839 0.10419318391219212 0.9978378361294931 1.0870226978974868 1.0005940269162439 1.1200129552744618 -0.2732126779053195 0.01204139584138586 38.716982015174295
1.2444887624924337 0.8944138983724752 0.8731840426622598 0.8875946936372449 0.8008523874955253 0.8395438489589188 0.6167635963810465 1.004285176053201 1.1447942958997774 1.0034481397023773 0.9626090373506246 0.034123733582569205 0.2319012099390722 9.956095127346131
1.4437451118764724 0.9887755060176296 1.0842531252662964 0.7747362198841096 0.44378089519137487 0.9360247068700961 0.9845357845549587 0.9930132954911126 0.9994166071469736 1.0074489923601537 0.9644527471026165 0.1521341288544233 0.029212684918415888 8.222814619124614
1.400443499172865 0.892981545899047 1.3700741442276634 0.8630668357681165 0.29442630950151477 0.760416750616104 0.7027076030067634 0.9945972010817036 0.900629805357311 0.9944081830951619 0.942046249839362 0.12308320388633509 -0.05948162665291157 23.203911329629445
0.5815084492097177 0.8729756653411374 1.0746745380639822 0.8594284967358123 0.30000339519851715 0.5803502007492567 0.24162857780463598 1.0059621289667589 0.9732722176556874 0.991728145783452 0.9430963787743852 0.032059663437694896 -0.10248938913969446 15.363951236546239
1.4728228303587398 0.866545312500011 1.102032365921186 0.5330206745023529 0.9397310510009503 0.5529431145937419 0.47123417533779577 1.004702749818889 0.9347255569370349 1.0088059591189396 0.9033497270082428 -0.15561102350396513 0.01695236452980098 5.490785802905757
1.3206041259501788 0.8010934480799231 1.1501606583128203 1.4655199954639 0.5711948408883251 0.15095145954666578 0.9471460301136183 1.0091622473256878 0.9524732886744449 1.006635246067068 1.1245056683629855 -0.25302220271245035 -0.1246023392180684 22.77398880293361
1.1803986474138282 0.870806097669249 1.1399736481231373 0.7822136955156871 0.8194001862330254 0.6994495822132153 -0.2793229797122396 0.9908924917985006 1.0683871500795878 1.0046829585048411 0.9495679228162831 0.18368532846071095 -0.18454990673943447 11.201850323393721
1.0152045928511764 0.9094943854443585 1.2808109933900125 0.6579675159569556 0.46371045683584133 0.3552991190055915 0.5413041595607178 1.0073505675869712 1.1060262754280428 1.0078059822040832 1.053412091346487 0.2649021652184795 -0.2873087439857916 2.2047303570569006
0.655810205314515 0.8228249628068012 1.037697571331972 1.0487657854629404 0.006308030749005639 0.4180879178066493 0.24659119518190853 1.005549589865937 1.0761285875846573 0.9923285506280369 0.8560448219158441 0.25370165083795854 0.07517236111733755 33.8430824069839
1.3555682721413282 0.8090461243356581 0.8564317936996096 0.6332894484824552 0.6075350156197685 0.9908023766386096 0.4477456784880256 0.9928037964333629 1.1317732290331943 0.9956301709493297 1.084992826734407 0.02437633572642217 0.09036867841350621 37.11854308224132
1.317239223646538 0.9770337272572257 0.6038642931365749 0.5991818389774592 2.2273627526000816E-4 0.5560087347359531 0.16445611185971742 0.9989381964572106 0.9595477689404748 0.9927294924694013 0.8518291585397868 -0.2329416642584987 0.08049277370000252 17.33389180364748
1.2706661721854542 0.9532570963279307 0.6287601129781911 1.2516874579101906 0.7110742763042422 0.16813119048400413 -0.3429702485478413 0.9994731710363647 1.074713765473346 0.9966828350243403 1.0253744723140243 0.179099282192258 -0.005084947645291382 27.218702857716668
1.1330654881911957 0.8851964855939849 1.3227040336085913 0.8495513736068554 0.9257091003721492 0.028148871950265247 -0.37675388587341774 0.9985766348746098 0.9066210935794602 0.9904247998129363 0.9860994345207084 -0.2295984733756932 0.24475699837849169 28.331749491010164
1.4577595003424975 0.8905799392036294 1.3922598788384684 1.4134719938551552 0.11188544050145272 0.08513706574773586 -0.055289250551635916 1.005340177758775 0.9933453692686003 0.9948941059080643 0.9590424680693499 0.16139613662809876 -0.17046257939098639 24.699870889447855
1.0900577745276645 0.807650164268623 1.107598658210902 1.3262888210700914 0.03713679200192233 0.5931701012245276 0.2609835257598132 0.9990377157961491 0.8714586936733482 1.008047521968885 1.1321098885665992 -0.10919025806699725 0.18333181606284343 4.29431621877278
0.7760260998248627 0.9559330915143173 1.4582226372534173 1.228214173101976 0.4533690747904268 0.08092585967103524 0.6962380069168796 0.9982362226631314 1.041747844917802 1.0006120984323188 0.9220980217382458 0.1826234461352742 0.10070603321779736 25.447768697954135
