0.6104444517058061 0.8060489365163198 0.9535133194464214 0.5822189340171392 0.6049114397745136 0.08843180478308348 0.6295896542113542 0.990722286408391 0.7877944147602493 1.00513509116583 1.176523668719683 -0.17990477604765454 0.184684175660578 40.86339335790997
0.7989163412368572 0.8566763344775673 0.7770818751771978 1.2057001683947743 0.24469245561753478 0.6674620862149705 -0.4163353817111213 1.0047763553794928 1.1373115629217945 1.018998291326355 1.045936298171528 0.14430257839262411 -0.0882744338462654 22.880641128503346
0.9430897947687573 0.9492015653000369 1.029364507421612 0.5761247534153334 0.005533173314394195 0.20769673890917603 -0.2756413548617293 0.9891277655506979 0.8009367751215445 0.9991058068688198 1.2462440685153975 0.17514052589435586 -0.242957581062698 41.805810295775984
0.8030765479367089 0.8741198338210077 1.4462245179241338 1.4090547828304563 0.44559375059386425 0.6342979330864815 0.1852637662287655 1.0160426351411826 0.9914564819314754 0.9870705432207765 0.8829610200229764 -0.290433852446168 -4.559607810671884E-4 29.849014310211697
0.8568119238203259 0.8271994141485147 0.8553788277440597 0.548739976693232 0.219483476893393 0.9619740314344027 0.9452089889468249 0.9967703955487613 1.0594790697206884 1.0099592684834255 1.0033431640169408 0.12434649193785208 -0.17466701803851387 52.83481528458107
0.7820991965734112 0.9605620411789378 0.5025411640236986 0.5699434449136402 0.8186473650347545 0.39447772412111665 0.7963382242043173 1.0123517078434492 1.0357334152555913 0.9986402879947507 0.8260439428870627 0.039615309145337174 -0.0966813540752153 53.72089453525917
1.3205597635778235 0.9293354657696926 1.0497954998346768 0.9164835214582661 0.8598635269299464 0.15745949503602585 0.6012203413589468 1.0195894326031338 1.1859005376047345 1.0074325555767658 0.9853428080722262 0.006829126381092954 0.2693512261896526 9.056089109643741
0.8613653357905808 0.8709957732540292 0.5676204802515652 1.499745321674928 0.7124498248649279 0.5802696411732977 0.702107848101071 1.0169014884862824 0.8682151086903898 0.9865766939998576 0.7948771023263772 0.2332265247355511 -0.14371443952621044 29.25631982546783
1.3369405629350224 0.8110168347199102 0.7117602531018925 0.8104959503351801 0.20969717297013127 0.2500627969595722 -0.15591283259526523 0.9917283359650785 0.9335220196336895 0.9886610925265165 1.1889367290735688 -0.23255673496698012 -0.19928403060208472 33.57999145177242
1.1341016456410318 0.9653213054531757 0.9225016459563249 1.321991022950193 0.8801849987303509 0.9405704139905882 -0.02885886988863995 1.0031223766270922 0.7818460564191365 1.012040677212056 0.9981025593293191 0.29295163370316174 -0.16981693423354013 27.883367293195818
0.5010628756935445 0.8296704792212086 1.4884344236556788 1.3731743073958085 0.03464395961389195 0.9303343653014903 0.5210965262872551 0.9983627789425229 1.2315299790756193 0.9833223923575443 0.7743418968320082 -0.1951893449184276 -0.029840937800273137 20.84808342688294
0.6202480830850283 0.9961550060122273 1.3869310085855378 1.255999721810785 0.08076417312823315 0.6036788904336671 -0.17803643005904046 1.0112517146037427 0.9135292953083731 0.988936173584041 0.8566532378133076 -0.2161140343835502 -0.21052429817248247 57.72684382530965
1.1435469649442593 0.898254507609268 0.668239425100937 0.7478971804229001 0.5362622312156715 0.30373088190716563 0.6926426283147913 1.0100376839159093 1.1558437634819136 0.9830491128246329 1.1227928236781792 0.09369717552563289 -0.0692186759111253 39.35773323503449
0.9868356393954938 0.8327174761282411 0.594020940247993 1.4406253939026596 0.4136823655989987 0.3859899534255604 0.3668548471398463 0.9857370976449232 0.7627750626496943 1.003399289317277 1.0763591693364973 0.26221104864271766 0.033083856241781895 17.812018583898553
0.5322996732621953 0.968117547469683 1.1165046844779387 0.869824567701529 0.36477202950787413 0.7111311572065157 0.8921940180584123 0.9948790381167849 1.08401551295226 0.9954254903732155 0.9662584460559579 0.0463647294726387 0.056869717649517926 30.89503995974298
1.0233472526065261 0.9341669131944211 0.5537762765520872 1.1245934972571547 0.9546990887593809 0.6484840597780921 -0.3495282551533261 1.0137423361987006 0.8477482151482982 0.9848304451522378 1.231711941175363 0.012404154791470168 0.243546015828009 27.10827470044404
1.4170627856703266 0.9560070455019318 1.4712348284213377 0.5372654947286573 0.4272216158951406 0.4511810275340543 0.9213257303726741 0.9963481699553183 1.1946896170444121 0.9971762958934672 0.7981908754346501 -0.2608595942673574 -0.07272446300166749 35.965603337057196
0.7746263394292943 0.8003101025714633 1.1019823459712272 1.110758781577041 0.7414639535126121 0.27381788501899834 0.8611574978114678 0.9834719665738205 0.9683317687173626 0.9918514786082223 0.8894035706561074 0.20270231991537674 -0.0321028550462073 3.5022740722720727
0.7091187074267435 0.8489584452414168 1.2190870150452204 1.1056234000123122 0.46751624181560575 0.8972572161195163 0.264180560634655 0.9804880541153693 1.2094295456743507 0.9873632393371267 0.7509881956034882 0.0502713282101534 -0.008794230813079229 22.632660565055517
0.5700722861055753 0.987630091615032 1.4073428280821307 1.0377924737464996 0.39973188502673934 0.49446770075713553 0.7153063595479972 1.0124451749534502 1.2478373234129596 0.9995252407599301 0.8478671183203537 0.027047080508934118 0.256791655847127 0.01121172560478576
1.4292693325153114 0.8059434396072055 1.2590647079878698 0.6606979475123258 0.47305883597937354 0.4165410246942601 -0.15426235101717545 1.0165899184144882 1.0600056211205753 0.9958489186042667 1.0658106217189152 -0.00852464059366742 -0.18109807637336023 47.11203022040996
1.4630471721784635 0.880059351446402 0.6266044981693578 1.4379382767155966 0.1629024941234831 0.7650083118089506 -0.3567116477594128 1.0176163920092198 1.225833788838123 0.9895198168698107 0.895011147169822 0.2234949604307616 0.08974300455858508 7.597157574437879
0.8855762374964358 0.9180763216028694 0.6959141216534087 0.9964234456791359 0.022205646104302815 0.40060461340328246 -0.25486150354175585 1.007289929097727 0.8210019929289106 1.012730103649972 0.9352003557821226 -0.0791876657764102 0.19709876556052103 31.648126753835353
1.1641759208661564 0.8902823310868655 0.9315063883377077 1.4783031727927503 0.8072985837592302 0.5204559027573363 0.8732845465983408 1.0033880727028193 1.028037354243135 1.0161342645838989 0.839584831309205 -0.13949082959566525 -0.014216571145062307 10.454872710737618
1.3675348528975264 0.8897948030069488 0.5784268662208611 0.8539753901821621 0.9337805188908328 0.06877364764358852 -0.3130021152399396 1.0183457369579172 1.0506787999366805 1.001320306450008 0.7577501698057602 -0.03031347404678325 0.2853076291318168 5.364432496832404
1.4966105204690763 0.8929493563849167 1.174524537031618 1.3856180271713967 0.17718361854383655 0.7254976349701097 -0.49226839500927116 1.013278902346307 0.8288207523669543 1.0068422442442524 0.8799602059479427 0.03148319845905495 0.15359012882108092 7.939466245302251
1.1825344020786868 0.8227149708513544 0.7018505352055445 1.1937811966436638 0.611127147248201 0.699445173664976 0.38967488104480763 1.018798582845053 1.0896217844504439 1.0155530501312329 1.2163451905437401 -0.1635861436299456 -0.0555513783084125 24.234229110712914
1.1230135371780696 0.905500229590061 1.3651788987633606 1.2652153351633304 0.7815884409087624 0.3326353463895385 0.5611188654861894 0.9866055627582037 0.9357186507823315 1.002708380842228 1.0427420196543473 0.19058626134230483 0.07402503507519209 59.638233902975145
0.9592208432303189 0.9122131003174166 0.5483066571429499 0.9774122563016803 0.23693447573718288 0.7722123397002911 -0.473752140173012 1.0077328998254955 1.0711620470998666 1.0007917664826498 0.9774532014484983 0.1821196371000814 0.24783540078689653 55.49860315131686
1.0948953247630486 0.8137493054410698 0.5252062074817093 0.6982497756658603 0.32595821199534364 0.8827767339690182 0.6593860039651118 1.0140113326307763 1.175978856316705 0.9961079073268361 1.1475740370580483 0.14339566978654567 -0.23562058109441422 30.43220440230794
1.4827117446310285 0.842713100106818 1.4159276102076488 0.6081595333107118 0.7654314991446363 0.034365327242373504 -0.06494660901116833 1.0039428918435493 1.0911403155468145 0.9852087901271582 0.8166760109713588 0.24518182486067025 -0.09333078156284982 12.05104092692
0.9344208635368592 0.9916906673991813 0.8652999962304209 1.3076924380889405 0.6730558371914737 0.5125105896400335 0.27892822153979957 0.9841711251694865 1.1192422574165022 1.0017402229013037 0.926424297503029 -0.14759280828052163 -0.06543774572978533 52.75795391925684
1.2266114712895262 0.8670464986330749 1.4962456229422838 1.0253106846422257 0.9854725798472308 0.12391000607907038 0.4718606537129917 1.0024693075831492 1.0420946978038799 1.0029499103090367 1.1441087734629618 0.0826809630117783 -0.15184346225395073 45.59729367274034
1.3419821023994691 0.916271763526507 1.0911972712060165 1.220969508735117 0.7066797968467174 0.18175438903778326 0.4579749287923287 0.9974467872404282 1.0991231530394043 1.0111271342821568 0.9597975043822506 0.25279653118441364 0.27719949973901264 59.3466474847887
0.67933953183023 0.8553091296848405 0.871058217880838 0.9314784011735138 0.6535079997343675 0.3443767247843443 -0.4552532561823037 1.0107539779440697 0.8837218834862822 0.983840570060375 1.1842476234171628 0.2823066486377724 -0.2818778643131795 19.48548800188482
0.7412896885724156 0.936976859212371 0.5105834255375953 0.8978497413689512 0.11517373289454176 0.9247735638431686 0.030455322953665043 1.0096428942267384 0.9095718738822018 0.9931503020702194 0.8011798119537152 0.05591146451716439 -0.16631220613550143 50.25963551827022
0.7581683487197812 0.8872516624308355 0.6375664989371306 0.674103827304045 0.5140504903884384 0.3281112055953542 0.9822926162730099 1.0173698183816178 1.2169214391807173 0.9903089936804597 1.0052354579213758 0.24981029192594745 -0.1295075017534375 26.359854716557926
0.8748220110600489 0.8193001450271058 1.1697529207589814 0.9622899989215028 0.5891054033031795 0.7904585241655133 0.13458517217735655 0.9933771364066691 0.8590072235116979 1.0057207307995744 0.8433674812732971 -0.12068000574222426 -0.08390366597409629 5.627670574086674
1.4575229617919208 0.8363620403898842 0.7289240010808568 0.6531086194931038 0.5918359546425581 0.23857533258464347 0.41726957840268464 0.9873404102470562 1.1960983879498843 0.9812547508143532 1.2050315737470838 -0.1706514537931428 -0.11820608663858787 34.6714332936943
1.2505309574850005 0.9276929068357814 1.0561347835311299 1.064966475891917 0.37111797875935326 0.6704767190032077 0.4930052638171796 0.9955227523487231 0.7673436508207305 1.0053179138077046 1.0142290075067346 -0.06837760947483884 -0.265094470470611 12.807539177608612
1.2390926880682094 0.84735265502779 0.8835561636504027 0.7741208591859841 0.26574016101043896 0.2255207167971321 -0.4484852792488071 0.9958207423569218 1.2016326856517292 0.9964015724149666 0.9150517150999533 0.2971087918162772 0.2354734827618678 51.194992633668306
0.8354056120694202 0.8975712180175682 0.7608955470429857 0.7635297736200344 0.14390935478036387 0.5726617262768343 -0.08240200015475335 1.00598602168221 1.047946620963342 0.9933764546196396 0.9742195218974015 -0.05116256907962349 -0.03846606765216465 21.45717667585709
0.5222896480493686 0.8087606712201724 0.9758056114882042 0.5163528168768657 0.6689661208931938 0.24156655358284324 0.9365112798116382 0.9836232104289484 1.2211531043699542 0.9883704796507471 0.9033116398884629 -0.2144367003002151 0.23197216117935154 36.5791313552311
1.472917622913313 0.9382072416150863 1.348486537620633 1.4827091060237232 0.9661765187347391 0.42777059503104164 0.24574514383898083 0.9926280271659109 0.8795498455589034 1.0198097649287508 0.8517754010096714 -0.10163810179926716 0.07961363305891739 1.0771514032128586
1.0096128678052783 0.8730085123549706 1.1564165254491297 0.7027688177026465 0.18795763077797994 0.991691656517167 0.8958369143669485 1.0015196033956975 0.8113368916823147 1.0158747347863413 1.057381635724671 0.023078932063240243 0.007517331348005141 36.80876363432677
0.5172881865874278 0.8444989776739852 0.7852779171129127 1.3166967928756335 0.7738446594371408 0.8027462484800956 0.014442780750651751 1.0002594281250037 1.1622907770932551 0.991361402452146 0.7797553145155736 -0.05505680190590362 -0.2702557083458007 18.259962725338703
1.2907848858533 0.9442711038900168 0.9434677916420817 1.4202682138439195 0.97899236522162 0.04490194741244595 -0.38536026852674665 1.0082544314037098 1.1227148041206498 0.9898040991108965 0.9496154434445692 0.13784831850983176 0.21095386307207425 11.775673453402101
1.3036866426441143 0.8413278767759998 1.1804078370174977 0.7375229744911547 0.6907313430533993 0.6885895268603279 -0.22917485040045377 0.997018935173464 1.1411688172429004 0.994710422460563 0.9537636809326933 0.13102651810145327 0.2630950801079938 13.99187271353634
1.2479455015350647 0.8827982950941774 1.2014297119539765 0.7503522670773841 0.9188354319599835 0.2117231008334932 0.0785616146346404 0.9851509478327175 0.9163010177113009 0.9847919339740027 1.112621605068356 -0.02827359993836631 0.10070162825535517 35.08337071153301
1.3546169390722733 0.9202896910723991 1.451812603426458 0.9866618530654835 0.5466689941052979 0.6294267331582847 0.5130654315362331 0.986224061772482 0.8882192101808624 1.0141058610942073 0.8683657287820832 -0.2465339603894117 0.11915866733498715 38.75045855756115
1.0686776883959563 0.9959261539798968 0.8385481447664629 0.5250698389520448 0.27928609417258243 0.14874784022138643 -0.0013498893909262843 1.0090430369793089 1.2421773270011776 1.0168905646671302 0.787059715864025 -0.18888202962357853 -0.19242792041607454 26.766400594773284
0.6568219901809222 0.9014438502626518 0.7934845534953106 0.9480595991613805 0.047861496534722305 0.8515972765011516 0.4837283877230968 0.9896105147628256 0.7761657946946302 0.9904347706230534 1.1627390146519447 -0.13282431417108226 -0.2829895458602617 1.4768501000350118
0.7387996537812574 0.9514087345183091 1.2432139252624106 0.7173068211183778 0.9438352675884676 0.9557099739836408 0.8357794723166672 0.9815376472073225 1.1033398160361323 1.0173488779145263 1.033096993043217 0.15954973232070963 0.16701499581233087 55.08276244074746
1.3741671190349911 0.8516828034005204 0.6439003557160486 0.6250254055356471 0.4394603541577501 0.7543246345067846 0.4333817028200997 0.9819352054892784 0.9799106641330351 0.9810868019888738 1.0642819915985247 -0.26497266862741725 -0.0198104937819914 16.727535187064504
1.0482555989926117 0.861357607742921 0.6817783619776915 1.1652205135739409 0.5633571376666406 0.984324479556182 0.06398250373396608 1.0008392537313247 0.9296158600801621 0.9801143062998436 1.213801795703595 0.27061909464550665 -0.120311261200578 56.452445440060416
1.218203430948956 0.8798239419632249 1.1204802245034244 1.0006136877712821 0.3129634956110173 0.4852791103990544 -0.20904649049355617 0.9882181918802072 1.0034355916950808 1.0076616693835612 1.1301137988748908 0.22148260568274886 0.17178092489745583 46.58924933529997
1.276678801393251 0.9712607095744714 1.3914418689132613 0.956290145208461 0.194051371261839 0.8684458916998002 0.8073854402212843 0.9998140816237305 0.8746678895563522 0.986205378260271 1.1916170819638907 -0.074527633075126 -0.25628656013525797 2.8552232147367262
0.6625546148701532 0.8153099380414465 0.5352579921769256 0.6876134878291178 0.2523335507244798 0.0064215551060372465 -0.12594928218134438 1.0130984773190088 0.7515654383042 1.0001092073960236 1.2447667881550228 -0.06352685672042288 0.11068116447625237 25.629040361956356
1.4000189506347804 0.9898464091044545 1.3705955974886672 1.2991919572906057 0.9029951607513137 0.7096867417917077 0.11174579082645086 1.005273392059458 1.068308818445621 1.0040570022488902 1.0729994911089078 0.2692166670738932 0.1299914958330879 19.941369994503948
0.5549829375824971 0.9542921171250751 1.0396810715984959 0.8295755910473942 0.29741169409554163 0.4764076649509554 0.5713548067001162 0.9879354898501073 1.154824125046475 1.013371361550499 1.0999054070609293 0.10889184323431755 -0.22661096829438132 39.94385740934091
0.6879008766646755 0.8342957697245289 0.6789393884468706 0.780960595633326 0.3538827554051177 0.013742403947179673 -0.40999982055713236 1.01556715777318 1.1740989304081397 1.0081143369116423 1.0523233041225142 -0.27049766439209255 0.224895296755599 31.9292144075779
1.2878097244790276 0.8398557728593175 0.8436591294091922 1.2895732094839203 0.45605120677375327 0.3742137438149806 0.2242096166822627 0.9893097711322926 1.237002982425199 1.01399693675958 0.9314870487725881 0.07070611156752798 0.1432703784307764 18.938304521414157
0.8223187146121386 0.8771841105967992 0.9016067217906866 1.273924745219639 0.7555933368105152 0.1631540455572948 -0.2416822274336765 0.9903004621935202 1.0336300495299584 0.9926767733205064 1.2213556389948579 -0.108208227693705 -0.2629549878480407 32.71992831269481
0.892680721011167 0.9592503079847082 0.589487487990601 1.467126785123236 0.5000364298132156 0.5939523422309103 0.821772732933445 1.0061641979995921 1.112866447333025 0.9978788284278866 1.0210188165460692 -0.18065188911471 -0.21953870458684543 4.628508324991317
0.592324620881206 0.9746728654451952 1.268051910308977 1.4173072874255808 0.8629715053750089 0.7404699718275385 0.205750369732271 1.008652528019232 1.1484309587621642 1.0037772602363204 1.1171512195488753 0.06524568030481048 0.12002363700360785 47.469858969839954
0.768054977575871 0.9933923299805221 1.193709960875259 0.6478023891878611 0.6884594155028453 0.9795619662855667 0.9897904567156899 1.001638738903678 1.016769193540101 0.9922148428458527 0.8130362518565335 0.07700095908550364 0.029976700947926316 43.976213462389666
0.5447882293264674 0.976163749221445 0.8928484889820897 0.5545223234185184 0.22885988055866774 0.2686442942705963 0.3311772835860861 1.0189286342566275 0.9544471680278808 1.018520627357406 1.172133309050757 -0.20331889292193797 -0.0492522092773966 52.178780706879444
0.5623808230281028 0.9315874262191807 1.2347114117059241 0.9224743027247395 0.6346620722195755 0.9114241591628752 0.7445518195012317 0.9829653335740708 0.944008271404429 1.0193908231859614 1.0928471988152493 -0.01768004493218983 0.04248541128501593 21.63522476187307
1.4303571272305633 0.8258074195301238 0.7390975510216263 1.0527395742874504 0.7930862518388863 0.6557296919120328 0.6145870079033116 0.9922346904079419 1.1825918483741282 1.0064892738236546 1.1024957857937308 -0.042149475446627116 -0.18725251022820466 6.084720589483136
1.0395125584593723 0.9676601479542175 1.141642301474236 1.3495413979447253 0.8378656095840731 0.11385042873604469 -0.06561521849538327 1.0116043584429812 1.0122089879926355 1.0100932769139055 0.7643224372462418 -0.23906439820299125 -0.24615818511634327 4.002246334019657
1.0141715111809921 0.9530452502327553 0.6501524554394218 1.156559953613412 0.8998363913103652 0.13236251662764428 0.3778754657921921 0.9937214011037929 0.8502362912135871 1.015026428616833 0.9836761664524121 -0.2977052046250365 -0.13522180589532842 33.85645188177477
1.4427915302328207 0.9225733486474759 1.3059670797191165 1.1373010115935926 0.10726254916072459 0.545847817005958 0.5429377474826225 0.9911546752125611 0.8150142577229488 0.9972649261494642 0.8302839324877028 -0.22605763248710697 0.06756039612233228 56.36256934184166
0.9141012195706555 0.9988023299040626 1.0716569007828625 1.2343536644978137 0.4968131020405114 0.5635160667955239 -0.19480116245000884 0.9808600867609979 0.9648992399417043 1.009430346308087 0.9202976077484417 0.1719180420820357 0.29659338788542416 14.96516053863828
0.9076271004248588 0.9098343184662346 1.353479236623596 1.3918561319480431 0.01921427792081399 0.8748118786510767 0.12340216872769627 1.0021751973405195 0.8433936382803952 1.0104568789051946 1.235103507774514 0.2784225837266067 0.18715041510145408 23.646587171872845
0.6978539530188175 0.8941873793555914 0.7557941778504376 0.6112576858881498 0.7266407706666844 0.31032726825291507 0.09099999572854489 0.9887802758029088 0.7982621065544259 1.0023875766902735 1.1361260496590408 -0.25383316798027433 0.10705400981203489 8.966351272036029
0.6350526557733482 0.9338915642220584 1.337739851119125 1.04791877186394 0.3370831183614113 0.8233616201695757 -0.43974175033501733 1.0066511892133576 0.8956139836780431 1.0087016798455977 1.0272627270837391 -0.2071902470802901 0.051003748744877564 43.1336435819013
1.155738472032657 0.9783431850486561 1.4654321815468891 1.2177430882575173 0.15587675953729452 0.555998675655745 -0.10955886491179317 0.997843669782852 0.8094269036704059 0.9856896260189784 0.9926632309063267 0.21123098992059713 0.2007067072152045 48.108216776838916
0.9722308113040088 0.9823304316304121 1.228907809867446 0.8455549990471083 0.13766196827306454 0.44480521732559974 0.3091895030106988 1.0041803291648945 0.8380821791579267 1.006016784963561 1.1574620133296885 -0.023179144553708952 0.1463045806995446 28.694434529920212
1.1764473543466276 0.9150857573816203 0.9852251791563791 1.0713664175262716 0.0712482358449062 0.29984222265493576 -0.044044639014218456 0.9946648729334767 0.974656325964042 0.981914196039206 1.2259180763064035 -0.09327761641336133 0.20811549553181147 57.1975852930299
1.1902887548598928 0.8698737366414507 1.06833988121749 0.8855524504641752 0.28251638455875056 0.28789978005277334 0.7608358681178895 1.0005348058121488 0.986154057144908 0.9908707096749588 1.0399377925585436 -0.03753795115638092 0.17573552214557392 10.198793197850065
0.7238628273168365 0.9460522990440507 1.293305868137144 1.3542314504203956 0.12744306375960365 0.4663955013952532 -0.26302403149613574 0.9824434236500853 0.8649572014738509 0.9941037579180589 0.7825799099172044 -3.792710946972089E-4 0.21884997521533095 45.69818893881607
1.3979198169443285 0.8539737400646253 0.8019763279850654 0.9018596075715231 0.873589871196192 0.90424168986639 0.6504826237703623 1.0071790763810056 0.995413663299112 1.0114950528618774 0.8734511808395825 -0.27645621906733653 -0.14511031656741885 40.29251718636997
1.2076666638509734 0.8846209673025666 1.086332511944085 1.099794184835519 0.5717079700402748 0.619094568068562 0.15656404450597905 0.9940139602905746 1.0092035536666355 0.9936359093499526 1.2023431181842241 0.16480890904704754 0.022432938995910312 43.41652809126451
0.9661091957546437 0.8626607758514891 0.8249865685034756 0.8732008412060832 0.40654859688375355 0.7335263507175513 0.31068409339881276 0.9985395264952838 0.984263314214937 1.0144318142789661 1.1280101785575705 0.00594992621926671 -0.29266587899975915 50.881120810073945
0.9201262579033016 0.8215570973553206 1.132502945053913 0.7968092107497178 0.554445243820527 0.35626561750897395 0.16224968091059633 0.9915533473401175 1.0798812464088468 1.0008854524792576 0.8915282509435802 0.15330403768271222 0.13328742394788856 49.04070250890072
0.7183842105187901 0.8656917647649378 1.0041233812927608 0.5026066058961991 0.09886510105959817 0.4381211731783415 0.9689652563533144 0.9800250580009437 1.1650478826983588 0.9825364799404571 0.7684946337249698 -0.15684894685112377 -0.10307850267409499 17.06897782379555
1.318410023416237 0.9730349365629475 1.4215686361946513 1.459847497698904 0.340669621415447 0.020926745538833887 0.2820050834581287 0.9930011735431102 1.1286994272717006 1.0128659063359284 1.0867578415887262 -0.10680218554076032 -0.20986089186094947 1.9224807817665026
1.0849152693121278 0.9405132280294233 0.8169382501904412 1.1892461009001107 0.3885880692992155 0.07109491875162853 0.5887544001117133 0.9844241448659644 0.9467717775574942 0.9949590452998809 0.9060178229895886 0.10500852690941126 -0.1598049761473213 49.57848747923036
0.8438350136093445 0.9855361710312855 0.9174182282788059 0.8052173506923465 0.06883184550966297 0.059859464551448825 -0.012910109644225953 1.0095732703628468 0.9212452088768839 0.9999638242735949 1.0186769253133057 -0.24122025027428284 0.2929655919549025 44.71663480275851
0.6426951304332542 0.9037063395453092 0.7415070251147968 1.089694688922378 0.6449408247503639 0.5016291647755051 0.35320661585570745 0.9988041504935642 0.7586911366943416 0.9807770409326987 0.8079297587973385 -0.08485414144504447 -0.11123789995078023 42.387948583977895
1.268279951478514 0.9070302937504422 0.6005058362563701 0.633976435884182 0.9288485587692678 0.10144071288723357 0.05434789282666852 0.9993759921792259 0.7725850945547628 0.9841137401296514 0.9417436636100073 0.11967394606963838 -0.04329610098061348 10.984400343768238
0.9939909486598189 0.8167091513487006 0.9672928318452574 1.2417108790487044 0.840962426815349 0.8182639720044882 0.7817781678242723 0.9820355247779107 0.7915115220298105 1.011896992618653 0.9127691785265513 -0.2858120298727292 0.013752348722868568 37.367977187535146
1.1107595789583466 0.9433616151311371 1.2768138403767868 1.1406736915185645 0.6236060335321424 0.175986183892489 -0.29078749352733835 0.9854359675493636 1.0241745663382231 1.0046014293150631 0.8638805634846409 0.19766033678315958 0.09586033714242015 6.849316160798716
0.5852634018512253 0.9818618134206513 1.3260848831457808 0.8326327100575199 0.05571305211044948 0.5365042375889274 0.1923739245123457 1.0147669023792523 0.9043434639367149 1.0166376338093719 1.1665373148881129 0.2350772514941331 -0.2291625370439955 25.10519440882981
1.3824360461565526 0.8026668655595369 1.2890285639867392 1.0178379763186696 0.5273034765093683 0.7866877605595592 0.4007535264678438 1.005073234134068 1.1329495976455175 0.9980933782992393 1.196558615418673 -0.15388869390777482 0.003444242324890545 15.194666468255482
0.8163609194579711 0.8305084831498533 1.3184190061023457 0.5911923791359005 0.4856593369706594 0.8343703017690094 0.752359090565379 1.0108206598785847 0.8338324728240617 1.0088821126667267 1.109783931506478 0.09734740557865251 0.060885583534331156 58.24738029646172
1.0500885699056588 0.9106113476894981 1.0153011780536567 1.335844693390214 0.3095282031659391 0.09368969699487302 -0.121244667590854 1.0196442042281613 1.1086055373975678 0.9820871899601167 1.1505905749488534 0.20899500990734438 -0.29637241710079243 54.377777230147984
0.6046724080296653 0.9247768741595849 0.612014677660163 1.36727714322302 0.9938690558106864 0.3697578535490839 -0.36952603029185566 0.9870632414559081 0.957839439543176 1.0177212558574267 0.9613886897769465 -0.11938812154913461 0.2742895789148731 13.696834625425081
1.07859536683582 0.9626290906756478 1.4322944427679338 0.7205856460748339 0.8214809011107078 0.8412778214470259 0.670982391638745 1.0151744062393382 0.8906770708395079 0.9879890051661543 0.8209009530361606 -0.13051704107352857 0.15954220809528175 38.011547815518064
1.1005414372774787 0.859223225948659 0.9993970972643377 1.1784490103373377 0.7312956458690034 0.19922492603577266 -0.33205311777576174 1.015965637692694 1.2104922347002056 1.0183999942650195 1.080058622505676 0.08977898708194887 0.041262901101456195 15.933451423143303
