1.000000000000000000e+00 1.000000000000000000e+00 1.000000000000000000e+00 1.000000000000000000e+00 1.000000000000000000e+00 0.000000000000000000e+00 0.000000000000000000e+00 9.108477073705849580e-01 1.244137043120793429e+00 9.949400676425265155e-01 1.177395669931903921e+00 -6.063428680546614213e-01 3.182051027613319594e-03 0.000000000000000000e+00
1.000000000000000000e+00 1.000000000000000000e+00 1.000000000000000000e+00 1.000000000000000000e+00 1.000000000000000000e+00 0.000000000000000000e+00 0.000000000000000000e+00 9.958459954927338931e-01 1.594033629516029560e+00 9.924575825987593802e-01 7.670396983902305621e-01 -2.314746134374324193e-01 -1.419500247865074227e-01 0.000000000000000000e+00
1.000000000000000000e+00 1.000000000000000000e+00 1.000000000000000000e+00 1.000000000000000000e+00 1.000000000000000000e+00 0.000000000000000000e+00 0.000000000000000000e+00 9.997542680987556718e-01 7.715333808947254512e-01 1.006587527754535971e+00 8.530133770050165598e-01 -5.141975655148692814e-01 -2.681603560167327704e-01 0.000000000000000000e+00
1.000000000000000000e+00 1.000000000000000000e+00 1.000000000000000000e+00 1.000000000000000000e+00 1.000000000000000000e+00 0.000000000000000000e+00 0.000000000000000000e+00 9.929514281296205613e-01 8.256517784727628317e-01 1.023785336757417008e+00 8.308699504254680734e-01 2.816659901197879901e-01 -2.670509584085581922e-01 0.000000000000000000e+00
1.000000000000000000e+00 1.000000000000000000e+00 1.000000000000000000e+00 1.000000000000000000e+00 1.000000000000000000e+00 0.000000000000000000e+00 0.000000000000000000e+00 9.294485870909572345e-01 1.685310286724759354e+00 9.903681418085685806e-01 1.008146357436072504e+00 -2.404485473041277355e-01 1.096213550655006919e-01 0.000000000000000000e+00
1.000000000000000000e+00 1.000000000000000000e+00 1.000000000000000000e+00 1.000000000000000000e+00 1.000000000000000000e+00 0.000000000000000000e+00 0.000000000000000000e+00 9.515742728313167920e-01 1.975618267807188522e+00 9.804748736661107467e-01 4.882887324283876618e-01 -3.015839457529019274e-01 1.963042502827406222e-01 0.000000000000000000e+00
1.000000000000000000e+00 1.000000000000000000e+00 1.000000000000000000e+00 1.000000000000000000e+00 1.000000000000000000e+00 0.000000000000000000e+00 0.000000000000000000e+00 9.065472960870525343e-01 1.192075538677369595e+00 1.004222948478271205e+00 1.160533650242363768e+00 2.204670420542769183e-01 -2.405413223445832249e-01 0.000000000000000000e+00
1.000000000000000000e+00 1.000000000000000000e+00 1.000000000000000000e+00 1.000000000000000000e+00 1.000000000000000000e+00 0.000000000000000000e+00 0.000000000000000000e+00 9.904582337439841178e-01 1.338440150773774207e+00 1.004950814740952492e+00 1.248786406029330331e+00 -3.077907469407503704e-03 -8.158803705741507484e-02 0.000000000000000000e+00
1.000000000000000000e+00 1.000000000000000000e+00 1.000000000000000000e+00 1.000000000000000000e+00 1.000000000000000000e+00 0.000000000000000000e+00 0.000000000000000000e+00 9.020813648947836327e-01 2.240211936901421730e+00 9.993496755156004996e-01 4.008676683339966185e-01 -5.411442443745609898e-01 2.255821449721694960e-01 0.000000000000000000e+00
1.000000000000000000e+00 1.000000000000000000e+00 1.000000000000000000e+00 1.000000000000000000e+00 1.000000000000000000e+00 0.000000000000000000e+00 0.000000000000000000e+00 9.552284167453767294e-01 1.969289470250088048e+00 1.008002999002399980e+00 9.105299661276524681e-01 -4.410144606431577463e-01 1.029228140283935389e-01 0.000000000000000000e+00
1.000000000000000000e+00 1.000000000000000000e+00 1.000000000000000000e+00 1.000000000000000000e+00 1.000000000000000000e+00 0.000000000000000000e+00 0.000000000000000000e+00 9.679971205939161827e-01 8.373480801381502081e-01 1.018931232902976047e+00 7.529548196935883508e-01 -1.591612421453446613e-01 2.066115687252085276e-01 0.000000000000000000e+00
1.000000000000000000e+00 1.000000000000000000e+00 1.000000000000000000e+00 1.000000000000000000e+00 1.000000000000000000e+00 0.000000000000000000e+00 0.000000000000000000e+00 1.015004551232978836e+00 1.258705330669390055e+00 1.022572580954895782e+00 8.990869796692702032e-01 -5.850033869320778734e-01 -2.266400278870944751e-02 0.000000000000000000e+00
1.000000000000000000e+00 1.000000000000000000e+00 1.000000000000000000e+00 1.000000000000000000e+00 1.000000000000000000e+00 0.000000000000000000e+00 0.000000000000000000e+00 9.179375058197702941e-01 2.319873707900100612e+00 9.724393468014104203e-01 5.191679413890654127e-01 -4.252766557732868269e-01 -1.691836157162241727e-01 0.000000000000000000e+00
1.000000000000000000e+00 1.000000000000000000e+00 1.000000000000000000e+00 1.000000000000000000e+00 1.000000000000000000e+00 0.000000000000000000e+00 0.000000000000000000e+00 1.006544314890569725e+00 2.297700373033263244e+00 9.700116966219739512e-01 8.057284961838273585e-01 -5.487924948702935790e-01 -3.793142336114441182e-02 0.000000000000000000e+00
1.000000000000000000e+00 1.000000000000000000e+00 1.000000000000000000e+00 1.000000000000000000e+00 1.000000000000000000e+00 0.000000000000000000e+00 0.000000000000000000e+00 1.018107814699610980e+00 2.112143447332141655e+00 9.855204945906943514e-01 6.283363863686404205e-01 -2.081188908289162698e-01 -1.820964753798612612e-01 0.000000000000000000e+00
1.000000000000000000e+00 1.000000000000000000e+00 1.000000000000000000e+00 1.000000000000000000e+00 1.000000000000000000e+00 0.000000000000000000e+00 0.000000000000000000e+00 9.690761424190451612e-01 1.130555829812307289e+00 9.838805719946293049e-01 4.318182711667842844e-01 -5.599515981309116652e-01 -2.023307053101389141e-01 0.000000000000000000e+00
1.000000000000000000e+00 1.000000000000000000e+00 1.000000000000000000e+00 1.000000000000000000e+00 1.000000000000000000e+00 0.000000000000000000e+00 0.000000000000000000e+00 9.849911825775475860e-01 1.373571022638024441e+00 9.826325994111482220e-01 1.004195209136103051e+00 -5.021777903362079076e-01 1.644298280124175671e-01 0.000000000000000000e+00
1.000000000000000000e+00 1.000000000000000000e+00 1.000000000000000000e+00 1.000000000000000000e+00 1.000000000000000000e+00 0.000000000000000000e+00 0.000000000000000000e+00 9.474541324060030689e-01 8.574564467572043380e-01 1.010355487090661919e+00 1.188319184858045663e+00 -4.811768095454489469e-01 -1.599526090200477091e-01 0.000000000000000000e+00
1.000000000000000000e+00 1.000000000000000000e+00 1.000000000000000000e+00 1.000000000000000000e+00 1.000000000000000000e+00 0.000000000000000000e+00 0.000000000000000000e+00 9.183203297483155669e-01 1.916721010461570840e+00 1.021080138273745108e+00 1.013306934947699078e+00 -5.397570496924308792e-01 -3.095355257088792111e-01 0.000000000000000000e+00
1.000000000000000000e+00 1.000000000000000000e+00 1.000000000000000000e+00 1.000000000000000000e+00 1.000000000000000000e+00 0.000000000000000000e+00 0.000000000000000000e+00 9.564162723211576678e-01 1.501300441690796017e+00 1.009219633020277174e+00 1.118450541043438440e+00 -1.902381298745036697e-01 2.909008639682514885e-01 0.000000000000000000e+00
1.000000000000000000e+00 1.000000000000000000e+00 1.000000000000000000e+00 1.000000000000000000e+00 1.000000000000000000e+00 0.000000000000000000e+00 0.000000000000000000e+00 9.839450069077249061e-01 1.577318956478287681e+00 9.781633248904270106e-01 6.615913146488839880e-01 2.858989996270272504e-01 2.446031273690741359e-01 0.000000000000000000e+00
1.000000000000000000e+00 1.000000000000000000e+00 1.000000000000000000e+00 1.000000000000000000e+00 1.000000000000000000e+00 0.000000000000000000e+00 0.000000000000000000e+00 9.888882689387001879e-01 2.056448997602093876e+00 1.004165978345767707e+00 7.045690363346366336e-01 -4.758223032093864546e-01 -1.063670781245759922e-01 0.000000000000000000e+00
1.000000000000000000e+00 1.000000000000000000e+00 1.000000000000000000e+00 1.000000000000000000e+00 1.000000000000000000e+00 0.000000000000000000e+00 0.000000000000000000e+00 9.072289100816993690e-01 1.175426081970107228e+00 1.020814805490052324e+00 5.322472215538363027e-01 1.572858375215385740e-01 -1.469342058300465992e-01 0.000000000000000000e+00
1.000000000000000000e+00 1.000000000000000000e+00 1.000000000000000000e+00 1.000000000000000000e+00 1.000000000000000000e+00 0.000000000000000000e+00 0.000000000000000000e+00 9.327716247448208930e-01 1.111492723583010100e+00 9.877256127524863816e-01 7.947197766808988817e-01 -2.753007777228368425e-01 -2.741462566778863352e-01 0.000000000000000000e+00
1.000000000000000000e+00 1.000000000000000000e+00 1.000000000000000000e+00 1.000000000000000000e+00 1.000000000000000000e+00 0.000000000000000000e+00 0.000000000000000000e+00 9.291181849162816198e-01 8.458095090991585296e-01 9.708535702933600575e-01 7.836592958240919948e-01 -3.341880412673636780e-02 -2.064323849629169372e-01 0.000000000000000000e+00
1.000000000000000000e+00 1.000000000000000000e+00 1.000000000000000000e+00 1.000000000000000000e+00 1.000000000000000000e+00 0.000000000000000000e+00 0.000000000000000000e+00 9.199449944947392099e-01 2.525328788544688230e+00 9.957908421410565092e-01 4.686485734157072036e-01 -6.299810667158434185e-02 1.554589411616843497e-01 0.000000000000000000e+00
1.000000000000000000e+00 1.000000000000000000e+00 1.000000000000000000e+00 1.000000000000000000e+00 1.000000000000000000e+00 0.000000000000000000e+00 0.000000000000000000e+00 9.310536561791521448e-01 1.743351829712200374e+00 1.002363022954709582e+00 6.674949302513402127e-01 -4.269321928960903012e-01 1.041516950038051670e-02 0.000000000000000000e+00
1.000000000000000000e+00 1.000000000000000000e+00 1.000000000000000000e+00 1.000000000000000000e+00 1.000000000000000000e+00 0.000000000000000000e+00 0.000000000000000000e+00 9.802458311632992194e-01 2.447024001539720217e+00 9.897307679068554354e-01 1.051013011877180769e+00 2.506504447963148197e-01 -1.288836383401431585e-01 0.000000000000000000e+00
1.000000000000000000e+00 1.000000000000000000e+00 1.000000000000000000e+00 1.000000000000000000e+00 1.000000000000000000e+00 0.000000000000000000e+00 0.000000000000000000e+00 9.830670289010997598e-01 1.840058449832680854e+00 1.024375788615750515e+00 3.947900779294856721e-01 -3.695666320363439894e-01 5.964193447282162275e-02 0.000000000000000000e+00
1.000000000000000000e+00 1.000000000000000000e+00 1.000000000000000000e+00 1.000000000000000000e+00 1.000000000000000000e+00 0.000000000000000000e+00 0.000000000000000000e+00 1.002484335982570807e+00 2.371318802590731245e+00 1.024985957599728437e+00 6.453307036332474045e-01 -9.367374233670522354e-02 3.042500429858904787e-01 0.000000000000000000e+00
1.000000000000000000e+00 1.000000000000000000e+00 1.000000000000000000e+00 1.000000000000000000e+00 1.000000000000000000e+00 0.000000000000000000e+00 0.000000000000000000e+00 9.660379981918388870e-01 1.719040798876050991e+00 9.866147881987826773e-01 5.408973930089435722e-01 2.101686498727207697e-01 -8.812173966689429427e-02 0.000000000000000000e+00
1.000000000000000000e+00 1.000000000000000000e+00 1.000000000000000000e+00 1.000000000000000000e+00 1.000000000000000000e+00 0.000000000000000000e+00 0.000000000000000000e+00 9.098170103181223434e-01 1.530015741519141770e+00 1.017402660073873255e+00 6.219107490557425066e-01 8.778467061745209854e-02 -1.123510052628609035e-01 0.000000000000000000e+00
1.000000000000000000e+00 1.000000000000000000e+00 1.000000000000000000e+00 1.000000000000000000e+00 1.000000000000000000e+00 0.000000000000000000e+00 0.000000000000000000e+00 9.606154710977050648e-01 1.777938735258989933e+00 1.008178643203379021e+00 6.578715361659576155e-01 -5.097677400667965930e-02 2.199252122064505044e-01 0.000000000000000000e+00
1.000000000000000000e+00 1.000000000000000000e+00 1.000000000000000000e+00 1.000000000000000000e+00 1.000000000000000000e+00 0.000000000000000000e+00 0.000000000000000000e+00 9.456754431006018091e-01 2.383184843904972094e+00 9.773746387989699080e-01 9.728359208385100043e-01 -4.869601098187549826e-01 -1.896058977116937549e-01 0.000000000000000000e+00
1.000000000000000000e+00 1.000000000000000000e+00 1.000000000000000000e+00 1.000000000000000000e+00 1.000000000000000000e+00 0.000000000000000000e+00 0.000000000000000000e+00 9.445325103280997059e-01 2.362448893136240180e+00 1.026074531570192017e+00 8.623504624596008972e-01 2.557738754662917113e-01 -2.629720006654980291e-01 0.000000000000000000e+00
1.000000000000000000e+00 1.000000000000000000e+00 1.000000000000000000e+00 1.000000000000000000e+00 1.000000000000000000e+00 0.000000000000000000e+00 0.000000000000000000e+00 1.029413897943797673e+00 2.024059178144590021e+00 9.849271313666820848e-01 1.031007625247248871e+00 -2.919231090685209806e-01 1.377812473300740748e-01 0.000000000000000000e+00
1.000000000000000000e+00 1.000000000000000000e+00 1.000000000000000000e+00 1.000000000000000000e+00 1.000000000000000000e+00 0.000000000000000000e+00 0.000000000000000000e+00 1.028827208183403119e+00 2.623173238469309609e+00 1.001517051691648952e+00 1.192188836986742384e+00 -3.608284072761270833e-01 1.785045871363223902e-01 0.000000000000000000e+00
1.000000000000000000e+00 1.000000000000000000e+00 1.000000000000000000e+00 1.000000000000000000e+00 1.000000000000000000e+00 0.000000000000000000e+00 0.000000000000000000e+00 9.040370172343024091e-01 1.901021040558421360e+00 1.027582569713152871e+00 5.755985819256022040e-01 -1.453375866235243619e-01 -1.880490921523509107e-01 0.000000000000000000e+00
1.000000000000000000e+00 1.000000000000000000e+00 1.000000000000000000e+00 1.000000000000000000e+00 1.000000000000000000e+00 0.000000000000000000e+00 0.000000000000000000e+00 9.617456030874809159e-01 1.150421589176095383e+00 9.979040469923070589e-01 7.138277571934632526e-01 -1.976469234735212521e-01 2.660675023104064896e-01 0.000000000000000000e+00
1.000000000000000000e+00 1.000000000000000000e+00 1.000000000000000000e+00 1.000000000000000000e+00 1.000000000000000000e+00 0.000000000000000000e+00 0.000000000000000000e+00 9.623489053749090250e-01 9.305477011809073495e-01 9.745071589787875910e-01 6.117580019612769426e-01 -3.094625691558183234e-01 2.811811709768303191e-01 0.000000000000000000e+00
1.000000000000000000e+00 1.000000000000000000e+00 1.000000000000000000e+00 1.000000000000000000e+00 1.000000000000000000e+00 0.000000000000000000e+00 0.000000000000000000e+00 9.282357624508571492e-01 7.955036757645956857e-01 1.005134743970419020e+00 8.142934102226155879e-01 2.176756884446562346e-01 -9.687966257622593336e-02 0.000000000000000000e+00
1.000000000000000000e+00 1.000000000000000000e+00 1.000000000000000000e+00 1.000000000000000000e+00 1.000000000000000000e+00 0.000000000000000000e+00 0.000000000000000000e+00 9.990328443569841399e-01 2.579610631887622407e+00 1.005546247379243141e+00 7.876037425045412377e-01 -5.469616609724492484e-02 1.403741077876644039e-01 0.000000000000000000e+00
1.000000000000000000e+00 1.000000000000000000e+00 1.000000000000000000e+00 1.000000000000000000e+00 1.000000000000000000e+00 0.000000000000000000e+00 0.000000000000000000e+00 9.941065912918412018e-01 1.423919489220597967e+00 9.870975085729523091e-01 4.816378396740245149e-01 -2.743173085046297643e-01 -1.983848225128534704e-01 0.000000000000000000e+00
1.000000000000000000e+00 1.000000000000000000e+00 1.000000000000000000e+00 1.000000000000000000e+00 1.000000000000000000e+00 0.000000000000000000e+00 0.000000000000000000e+00 9.797804642044980472e-01 9.791775419617920750e-01 1.010918438551359211e+00 5.273495286279372696e-01 -2.153441751165428575e-01 -2.516198497470265583e-01 0.000000000000000000e+00
1.000000000000000000e+00 1.000000000000000000e+00 1.000000000000000000e+00 1.000000000000000000e+00 1.000000000000000000e+00 0.000000000000000000e+00 0.000000000000000000e+00 9.738868874923176655e-01 9.002808603561280876e-01 1.014850830482759036e+00 4.148942766176187957e-01 5.802519883212287066e-02 -1.648997506016221526e-01 0.000000000000000000e+00
1.000000000000000000e+00 1.000000000000000000e+00 1.000000000000000000e+00 1.000000000000000000e+00 1.000000000000000000e+00 0.000000000000000000e+00 0.000000000000000000e+00 1.025370471320257382e+00 1.519801790279793563e+00 1.019791667991585493e+00 1.216636648569704438e+00 -1.517597412852844663e-02 2.981706158775340731e-01 0.000000000000000000e+00
1.000000000000000000e+00 1.000000000000000000e+00 1.000000000000000000e+00 1.000000000000000000e+00 1.000000000000000000e+00 0.000000000000000000e+00 0.000000000000000000e+00 9.528162916058425802e-01 1.803057793581033241e+00 1.026127342708067713e+00 1.099894346873317552e+00 1.914458226683755093e-01 -1.054458674280330799e-01 0.000000000000000000e+00
1.000000000000000000e+00 1.000000000000000000e+00 1.000000000000000000e+00 1.000000000000000000e+00 1.000000000000000000e+00 0.000000000000000000e+00 0.000000000000000000e+00 9.162545004951411221e-01 9.592980534393535930e-01 1.015595162866039791e+00 8.387980018468366161e-01 -3.357964307923690939e-01 1.509873610988020087e-01 0.000000000000000000e+00
1.000000000000000000e+00 1.000000000000000000e+00 1.000000000000000000e+00 1.000000000000000000e+00 1.000000000000000000e+00 0.000000000000000000e+00 0.000000000000000000e+00 9.773515867294050308e-01 2.262122409595171746e+00 9.703433811322460523e-01 5.615495440547542128e-01 2.604976080295418051e-03 7.100384202260412447e-02 0.000000000000000000e+00
1.000000000000000000e+00 1.000000000000000000e+00 1.000000000000000000e+00 1.000000000000000000e+00 1.000000000000000000e+00 0.000000000000000000e+00 0.000000000000000000e+00 1.012557949713306593e+00 2.070649950247413607e+00 9.829018442928322274e-01 5.926843928567737674e-01 -7.704559080508488478e-02 -1.719685995826510105e-01 0.000000000000000000e+00
1.000000000000000000e+00 1.000000000000000000e+00 1.000000000000000000e+00 1.000000000000000000e+00 1.000000000000000000e+00 0.000000000000000000e+00 0.000000000000000000e+00 1.013543642661537181e+00 8.226852945146815310e-01 1.025503459075995716e+00 7.285189751309699702e-01 2.060879066979734997e-01 -5.836005568212249139e-02 0.000000000000000000e+00
1.000000000000000000e+00 1.000000000000000000e+00 1.000000000000000000e+00 1.000000000000000000e+00 1.000000000000000000e+00 0.000000000000000000e+00 0.000000000000000000e+00 9.767282124515932473e-01 8.109603582212895345e-01 9.786914786663779564e-01 8.853361222220657023e-01 -6.375482666485128291e-01 -3.006809879833340360e-01 0.000000000000000000e+00
1.000000000000000000e+00 1.000000000000000000e+00 1.000000000000000000e+00 1.000000000000000000e+00 1.000000000000000000e+00 0.000000000000000000e+00 0.000000000000000000e+00 9.016683885484714223e-01 1.786212280503423289e+00 1.029500343734288892e+00 7.170151841664065273e-01 -3.493002394764567198e-01 1.220801791982650819e-01 0.000000000000000000e+00
1.000000000000000000e+00 1.000000000000000000e+00 1.000000000000000000e+00 1.000000000000000000e+00 1.000000000000000000e+00 0.000000000000000000e+00 0.000000000000000000e+00 9.032241272012632161e-01 1.430782547678082217e+00 1.010162535788157401e+00 7.212016383470893910e-01 3.157160213042142782e-02 -5.469112209553167459e-02 0.000000000000000000e+00
1.000000000000000000e+00 1.000000000000000000e+00 1.000000000000000000e+00 1.000000000000000000e+00 1.000000000000000000e+00 0.000000000000000000e+00 0.000000000000000000e+00 9.157992046939529285e-01 2.427779747005360811e+00 1.012088554602504464e+00 9.809563217722938600e-01 2.689845992185765367e-01 3.726023085111523914e-02 0.000000000000000000e+00
1.000000000000000000e+00 1.000000000000000000e+00 1.000000000000000000e+00 1.000000000000000000e+00 1.000000000000000000e+00 0.000000000000000000e+00 0.000000000000000000e+00 1.014297922017297182e+00 1.159740914870048600e+00 1.028159800768401855e+00 9.351732368635952142e-01 -3.139785639879855150e-01 3.582614507507658752e-02 0.000000000000000000e+00
1.000000000000000000e+00 1.000000000000000000e+00 1.000000000000000000e+00 1.000000000000000000e+00 1.000000000000000000e+00 0.000000000000000000e+00 0.000000000000000000e+00 9.095758523815177243e-01 1.619627447707659762e+00 9.737506719342609030e-01 4.237358971120396278e-01 -1.067714036869009675e-01 -1.230464537634320676e-01 0.000000000000000000e+00
1.000000000000000000e+00 1.000000000000000000e+00 1.000000000000000000e+00 1.000000000000000000e+00 1.000000000000000000e+00 0.000000000000000000e+00 0.000000000000000000e+00 9.119522309217440448e-01 2.482714735108463966e+00 9.719905618929868263e-01 1.134006316417230043e+00 2.419265783492596800e-02 -6.731408068916600040e-02 0.000000000000000000e+00
1.000000000000000000e+00 1.000000000000000000e+00 1.000000000000000000e+00 1.000000000000000000e+00 1.000000000000000000e+00 0.000000000000000000e+00 0.000000000000000000e+00 9.430463589967290616e-01 7.835919708905316750e-01 9.875176193319594731e-01 5.285475415234053287e-01 -1.867556395419694981e-01 -2.804529693966495429e-01 0.000000000000000000e+00
1.000000000000000000e+00 1.000000000000000000e+00 1.000000000000000000e+00 1.000000000000000000e+00 1.000000000000000000e+00 0.000000000000000000e+00 0.000000000000000000e+00 1.021407375874200829e+00 2.606169683764206546e+00 9.717136874608830466e-01 5.000040907579024196e-01 -4.217172815769767436e-01 1.762654904524103006e-01 0.000000000000000000e+00
1.000000000000000000e+00 1.000000000000000000e+00 1.000000000000000000e+00 1.000000000000000000e+00 1.000000000000000000e+00 0.000000000000000000e+00 0.000000000000000000e+00 9.591733031496698647e-01 7.505948813090165261e-01 9.723736549033137333e-01 1.209802007923155287e+00 -6.133034141355225843e-01 -1.574990563123967735e-01 0.000000000000000000e+00
1.000000000000000000e+00 1.000000000000000000e+00 1.000000000000000000e+00 1.000000000000000000e+00 1.000000000000000000e+00 0.000000000000000000e+00 0.000000000000000000e+00 9.231296409347308218e-01 1.942656202833246137e+00 1.008900910180268617e+00 1.174463217113939084e+00 8.174480032315167843e-02 2.009378966210967343e-02 0.000000000000000000e+00
1.000000000000000000e+00 1.000000000000000000e+00 1.000000000000000000e+00 1.000000000000000000e+00 1.000000000000000000e+00 0.000000000000000000e+00 0.000000000000000000e+00 9.126693573205022503e-01 2.317692478541176548e+00 9.891648854423206183e-01 1.220565136152262031e+00 -2.654106793877182291e-01 2.323952370083265939e-01 0.000000000000000000e+00
1.000000000000000000e+00 1.000000000000000000e+00 1.000000000000000000e+00 1.000000000000000000e+00 1.000000000000000000e+00 0.000000000000000000e+00 0.000000000000000000e+00 9.781695221821316011e-01 9.152436215662834718e-01 1.013173695698031507e+00 5.059788009731573943e-01 1.893588106475810884e-01 3.073618271114830214e-01 0.000000000000000000e+00
1.000000000000000000e+00 1.000000000000000000e+00 1.000000000000000000e+00 1.000000000000000000e+00 1.000000000000000000e+00 0.000000000000000000e+00 0.000000000000000000e+00 9.383687746056641465e-01 1.319369754771649861e+00 9.843684742433668200e-01 1.229713140791823145e+00 1.364753474775137754e-01 -4.449249061708254738e-02 0.000000000000000000e+00
1.000000000000000000e+00 1.000000000000000000e+00 1.000000000000000000e+00 1.000000000000000000e+00 1.000000000000000000e+00 0.000000000000000000e+00 0.000000000000000000e+00 9.819974528004400405e-01 1.774370433694691718e+00 1.022288418386910092e+00 7.598125904852275347e-01 -2.636193008178691621e-01 -2.557443837815920329e-02 0.000000000000000000e+00
1.000000000000000000e+00 1.000000000000000000e+00 1.000000000000000000e+00 1.000000000000000000e+00 1.000000000000000000e+00 0.000000000000000000e+00 0.000000000000000000e+00 1.008458087309568318e+00 2.547227328078504272e+00 9.989672467415273704e-01 5.653272800395496844e-01 -5.300470565093733377e-01 2.890506073363355299e-01 0.000000000000000000e+00
1.000000000000000000e+00 1.000000000000000000e+00 1.000000000000000000e+00 1.000000000000000000e+00 1.000000000000000000e+00 0.000000000000000000e+00 0.000000000000000000e+00 9.420860108476570849e-01 8.766281200694815423e-01 1.023479490343892406e+00 9.492052383041648111e-01 -7.254342185635176410e-02 7.412553590352810584e-03 0.000000000000000000e+00
1.000000000000000000e+00 1.000000000000000000e+00 1.000000000000000000e+00 1.000000000000000000e+00 1.000000000000000000e+00 0.000000000000000000e+00 0.000000000000000000e+00 9.082015137940131488e-01 2.509423361091248861e+00 1.005922835558169526e+00 8.435476710171267989e-01 -4.084615494673323743e-01 6.316680219630654847e-02 0.000000000000000000e+00
1.000000000000000000e+00 1.000000000000000000e+00 1.000000000000000000e+00 1.000000000000000000e+00 1.000000000000000000e+00 0.000000000000000000e+00 0.000000000000000000e+00 9.787813056095413522e-01 1.289775992065177679e+00 1.026517652533295966e+00 4.644457844664882096e-01 -6.175301050716555107e-01 8.965248075286835761e-02 0.000000000000000000e+00
1.000000000000000000e+00 1.000000000000000000e+00 1.000000000000000000e+00 1.000000000000000000e+00 1.000000000000000000e+00 0.000000000000000000e+00 0.000000000000000000e+00 9.715602209829186098e-01 1.453735645756958128e+00 9.813088360074593286e-01 8.187245012320951698e-01 -3.786980021089839110e-01 5.304743715203802390e-02 0.000000000000000000e+00
1.000000000000000000e+00 1.000000000000000000e+00 1.000000000000000000e+00 1.000000000000000000e+00 1.000000000000000000e+00 0.000000000000000000e+00 0.000000000000000000e+00 9.728621509100546794e-01 1.028069558050620946e+00 1.016513141215007021e+00 1.027542902916620982e+00 -1.243546556485514154e-01 -4.208432070002027237e-02 0.000000000000000000e+00
1.000000000000000000e+00 1.000000000000000000e+00 1.000000000000000000e+00 1.000000000000000000e+00 1.000000000000000000e+00 0.000000000000000000e+00 0.000000000000000000e+00 9.687739009605587093e-01 7.607522945348805798e-01 1.011722997950616598e+00 1.168989321056536967e+00 -5.210059051540358865e-01 -2.468956787281910148e-01 0.000000000000000000e+00
1.000000000000000000e+00 1.000000000000000000e+00 1.000000000000000000e+00 1.000000000000000000e+00 1.000000000000000000e+00 0.000000000000000000e+00 0.000000000000000000e+00 1.028614641286887066e+00 1.209572436547898810e+00 1.011332643301253498e+00 6.960647429918023210e-01 -5.336432625478590985e-01 -5.248309289386549059e-02 0.000000000000000000e+00
1.000000000000000000e+00 1.000000000000000000e+00 1.000000000000000000e+00 1.000000000000000000e+00 1.000000000000000000e+00 0.000000000000000000e+00 0.000000000000000000e+00 1.005308497860949446e+00 1.661046116833918784e+00 9.893917930928298743e-01 9.677029363393101491e-01 9.600977947084654573e-02 -1.521460389595974405e-02 0.000000000000000000e+00
1.000000000000000000e+00 1.000000000000000000e+00 1.000000000000000000e+00 1.000000000000000000e+00 1.000000000000000000e+00 0.000000000000000000e+00 0.000000000000000000e+00 9.832557675189617097e-01 2.196632594107854164e+00 1.024193277801195068e+00 1.073377011085219657e+00 4.194969506089674116e-02 -2.370109172286073429e-01 0.000000000000000000e+00
1.000000000000000000e+00 1.000000000000000000e+00 1.000000000000000000e+00 1.000000000000000000e+00 1.000000000000000000e+00 0.000000000000000000e+00 0.000000000000000000e+00 9.373233916375863783e-01 1.734148850462848390e+00 9.998298292180470836e-01 7.355440987245200901e-01 -1.316119007809102293e-01 1.826169988665720667e-01 0.000000000000000000e+00
1.000000000000000000e+00 1.000000000000000000e+00 1.000000000000000000e+00 1.000000000000000000e+00 1.000000000000000000e+00 0.000000000000000000e+00 0.000000000000000000e+00 9.953910529489259362e-01 1.362341115439024364e+00 1.015085487469928438e+00 8.963979116133167224e-01 1.108388603488743573e-01 -2.198475349447761296e-01 0.000000000000000000e+00
1.000000000000000000e+00 1.000000000000000000e+00 1.000000000000000000e+00 1.000000000000000000e+00 1.000000000000000000e+00 0.000000000000000000e+00 0.000000000000000000e+00 9.924595844551882262e-01 1.881572223552090861e+00 9.935572524183795551e-01 4.758226628167456784e-01 2.351089357647077049e-01 -2.279309160552828728e-01 0.000000000000000000e+00
1.000000000000000000e+00 1.000000000000000000e+00 1.000000000000000000e+00 1.000000000000000000e+00 1.000000000000000000e+00 0.000000000000000000e+00 0.000000000000000000e+00 9.300618342643437453e-01 1.043783291465699037e+00 9.816533352150256242e-01 4.621875940615571832e-01 6.849928750355205320e-02 -4.798675431007531911e-02 0.000000000000000000e+00
1.000000000000000000e+00 1.000000000000000000e+00 1.000000000000000000e+00 1.000000000000000000e+00 1.000000000000000000e+00 0.000000000000000000e+00 0.000000000000000000e+00 9.766751604348807847e-01 9.494173714837539357e-01 9.792153625082574697e-01 4.477634568601236431e-01 -1.767744606474975222e-01 -1.789256557247427826e-01 0.000000000000000000e+00
1.000000000000000000e+00 1.000000000000000000e+00 1.000000000000000000e+00 1.000000000000000000e+00 1.000000000000000000e+00 0.000000000000000000e+00 0.000000000000000000e+00 9.317549888606790898e-01 1.438690013732932371e+00 9.932482927875958545e-01 9.277453809910621851e-01 1.171293358360964154e-01 -2.606008277278110685e-01 0.000000000000000000e+00
1.000000000000000000e+00 1.000000000000000000e+00 1.000000000000000000e+00 1.000000000000000000e+00 1.000000000000000000e+00 0.000000000000000000e+00 0.000000000000000000e+00 9.270117703170210888e-01 1.536850318813849370e+00 9.883414490050720369e-01 9.940728964992531225e-01 -1.657456042255224804e-01 2.005022415259417046e-01 0.000000000000000000e+00
1.000000000000000000e+00 1.000000000000000000e+00 1.000000000000000000e+00 1.000000000000000000e+00 1.000000000000000000e+00 0.000000000000000000e+00 0.000000000000000000e+00 9.057216223790197640e-01 1.344842220764549179e+00 1.025485665539838775e+00 9.849338934790209388e-01 1.575327651404477836e-01 2.504512816008823139e-01 0.000000000000000000e+00
1.000000000000000000e+00 1.000000000000000000e+00 1.000000000000000000e+00 1.000000000000000000e+00 1.000000000000000000e+00 0.000000000000000000e+00 0.000000000000000000e+00 9.759662005851238442e-01 2.268181371250573619e+00 9.759960281622699352e-01 7.720649740353348056e-01 2.569900555910131779e-02 3.283954882941820252e-01 0.000000000000000000e+00
1.000000000000000000e+00 1.000000000000000000e+00 1.000000000000000000e+00 1.000000000000000000e+00 1.000000000000000000e+00 0.000000000000000000e+00 0.000000000000000000e+00 9.193146917199807033e-01 2.422884914825732317e+00 1.018103274309139827e+00 1.164839422631927413e+00 -3.072566028222259438e-01 -3.358487862851405881e-02 0.000000000000000000e+00
1.000000000000000000e+00 1.000000000000000000e+00 1.000000000000000000e+00 1.000000000000000000e+00 1.000000000000000000e+00 0.000000000000000000e+00 0.000000000000000000e+00 1.004345406385047879e+00 2.230921596280100339e+00 9.769299865505517433e-01 9.261212873186480676e-01 2.924152826246509962e-01 -1.159621398971638628e-02 0.000000000000000000e+00
1.000000000000000000e+00 1.000000000000000000e+00 1.000000000000000000e+00 1.000000000000000000e+00 1.000000000000000000e+00 0.000000000000000000e+00 0.000000000000000000e+00 9.262547652179137225e-01 2.333338063756255298e+00 9.946924015818798814e-01 1.108253600478596779e+00 -4.490530873895450803e-01 2.144330054461588975e-01 0.000000000000000000e+00
1.000000000000000000e+00 1.000000000000000000e+00 1.000000000000000000e+00 1.000000000000000000e+00 1.000000000000000000e+00 0.000000000000000000e+00 0.000000000000000000e+00 9.047024770997776910e-01 2.097537151112431442e+00 1.007549191491314833e+00 4.414495223772724741e-01 -6.294816712476939413e-01 -1.651350776961588163e-01 0.000000000000000000e+00
1.000000000000000000e+00 1.000000000000000000e+00 1.000000000000000000e+00 1.000000000000000000e+00 1.000000000000000000e+00 0.000000000000000000e+00 0.000000000000000000e+00 9.915911435100983606e-01 9.261694731816115800e-01 9.912960793871583576e-01 5.903576210838933358e-01 2.997867367431945596e-01 1.341769065532916194e-02 0.000000000000000000e+00
1.000000000000000000e+00 1.000000000000000000e+00 1.000000000000000000e+00 1.000000000000000000e+00 1.000000000000000000e+00 0.000000000000000000e+00 0.000000000000000000e+00 9.427858466594045694e-01 1.854035830628205428e+00 1.003342359608238921e+00 8.260284758913727376e-01 4.371620551558774714e-02 2.596504668611041011e-01 0.000000000000000000e+00
1.000000000000000000e+00 1.000000000000000000e+00 1.000000000000000000e+00 1.000000000000000000e+00 1.000000000000000000e+00 0.000000000000000000e+00 0.000000000000000000e+00 9.174951795674215482e-01 9.693968954636792423e-01 9.964060096017771651e-01 1.096724832625310508e+00 -3.296303301796559282e-01 2.238063804286397063e-01 0.000000000000000000e+00
1.000000000000000000e+00 1.000000000000000000e+00 1.000000000000000000e+00 1.000000000000000000e+00 1.000000000000000000e+00 0.000000000000000000e+00 0.000000000000000000e+00 9.643735433673046309e-01 1.070723509234942750e+00 1.017996514988697365e+00 6.815466507458516343e-01 -1.633899789946075543e-01 -8.895417723551679590e-03 0.000000000000000000e+00
1.000000000000000000e+00 1.000000000000000000e+00 1.000000000000000000e+00 1.000000000000000000e+00 1.000000000000000000e+00 0.000000000000000000e+00 0.000000000000000000e+00 9.968436666640547728e-01 1.038265646471667747e+00 1.012547293404444604e+00 6.936911966983470013e-01 -4.909546125165087926e-01 1.272716238531427790e-01 0.000000000000000000e+00
1.000000000000000000e+00 1.000000000000000000e+00 1.000000000000000000e+00 1.000000000000000000e+00 1.000000000000000000e+00 0.000000000000000000e+00 0.000000000000000000e+00 9.378522557751093336e-01 1.231798149417142163e+00 1.000508292424372447e+00 9.760261179989059288e-01 -1.136152176214325626e-01 -3.170359615501913697e-01 0.000000000000000000e+00
1.000000000000000000e+00 1.000000000000000000e+00 1.000000000000000000e+00 1.000000000000000000e+00 1.000000000000000000e+00 0.000000000000000000e+00 0.000000000000000000e+00 1.008797227653988271e+00 2.408429710868464912e+00 1.024630680342115019e+00 1.039488265286250046e+00 2.799062273106546206e-01 2.959184928532211933e-01 0.000000000000000000e+00
1.000000000000000000e+00 1.000000000000000000e+00 1.000000000000000000e+00 1.000000000000000000e+00 1.000000000000000000e+00 0.000000000000000000e+00 0.000000000000000000e+00 1.011072736001246364e+00 1.697993243619606574e+00 9.919515916111447673e-01 4.584842086602120004e-01 2.270761013112505555e-01 -9.964555964905835728e-02 0.000000000000000000e+00
1.000000000000000000e+00 1.000000000000000000e+00 1.000000000000000000e+00 1.000000000000000000e+00 1.000000000000000000e+00 0.000000000000000000e+00 0.000000000000000000e+00 1.015420247802580445e+00 1.485954653177023133e+00 1.009463568117166643e+00 5.100384115277001307e-01 2.436213218556009252e-01 2.286007656955132972e-01 0.000000000000000000e+00
1.000000000000000000e+00 1.000000000000000000e+00 1.000000000000000000e+00 1.000000000000000000e+00 1.000000000000000000e+00 0.000000000000000000e+00 0.000000000000000000e+00 9.276616903750608545e-01 1.822640210932674032e+00 1.017396072004711272e+00 6.526830496747076937e-01 -4.754412487970260948e-03 -1.955607186549783438e-01 0.000000000000000000e+00
1.000000000000000000e+00 1.000000000000000000e+00 1.000000000000000000e+00 1.000000000000000000e+00 1.000000000000000000e+00 0.000000000000000000e+00 0.000000000000000000e+00 9.747127061087131894e-01 2.597648771100748988e+00 9.749196593235781583e-01 6.896776699976328029e-01 -3.456470536063636634e-01 -2.133600167788292090e-01 0.000000000000000000e+00
1.000000000000000000e+00 1.000000000000000000e+00 1.000000000000000000e+00 1.000000000000000000e+00 1.000000000000000000e+00 0.000000000000000000e+00 0.000000000000000000e+00 9.391866843016576372e-01 2.201400445466505040e+00 9.994077060687072134e-01 6.391536055859483589e-01 -2.590943215233542096e-01 -9.113891051224476403e-02 0.000000000000000000e+00
1.000000000000000000e+00 1.000000000000000000e+00 1.000000000000000000e+00 1.000000000000000000e+00 1.000000000000000000e+00 0.000000000000000000e+00 0.000000000000000000e+00 9.569828657748430389e-01 1.413821351203908172e+00 1.009625506659914684e+00 4.791991204014645622e-01 -2.872546672221865105e-02 1.721367527306801315e-01 0.000000000000000000e+00
1.000000000000000000e+00 1.000000000000000000e+00 1.000000000000000000e+00 1.000000000000000000e+00 1.000000000000000000e+00 0.000000000000000000e+00 0.000000000000000000e+00 1.020495006096537871e+00 1.274792429386448545e+00 1.015873561271890768e+00 9.174061698302813372e-01 -5.062406203998750520e-01 2.360829559401030342e-01 0.000000000000000000e+00
1.000000000000000000e+00 1.000000000000000000e+00 1.000000000000000000e+00 1.000000000000000000e+00 1.000000000000000000e+00 0.000000000000000000e+00 0.000000000000000000e+00 9.439636390952793610e-01 9.044294545398054996e-01 9.975140546332635916e-01 6.434234477119097351e-01 -3.182652397869846217e-01 -1.191489423846799622e-01 0.000000000000000000e+00
1.000000000000000000e+00 1.000000000000000000e+00 1.000000000000000000e+00 1.000000000000000000e+00 1.000000000000000000e+00 0.000000000000000000e+00 0.000000000000000000e+00 1.018416660223288250e+00 1.329360960696053695e+00 9.810430593442484026e-01 1.156974919519169642e+00 1.810845570525487780e-02 3.123363481466923663e-01 0.000000000000000000e+00
1.000000000000000000e+00 1.000000000000000000e+00 1.000000000000000000e+00 1.000000000000000000e+00 1.000000000000000000e+00 0.000000000000000000e+00 0.000000000000000000e+00 9.398491358222185177e-01 2.009216452813203713e+00 1.000603946748082951e+00 1.059892966665593850e+00 -6.432283594765868528e-01 5.184568996700333887e-02 0.000000000000000000e+00
1.000000000000000000e+00 1.000000000000000000e+00 1.000000000000000000e+00 1.000000000000000000e+00 1.000000000000000000e+00 0.000000000000000000e+00 0.000000000000000000e+00 9.448939498594802755e-01 1.051263572791066192e+00 9.739811037262607885e-01 7.581028550638795327e-01 -1.369649113475126523e-01 1.325919402181698903e-01 0.000000000000000000e+00
1.000000000000000000e+00 1.000000000000000000e+00 1.000000000000000000e+00 1.000000000000000000e+00 1.000000000000000000e+00 0.000000000000000000e+00 0.000000000000000000e+00 9.813271545166274423e-01 2.303712977189509736e+00 1.007433074570051934e+00 9.409394027551739592e-01 -2.503466469140591122e-01 -2.228427883325640735e-01 0.000000000000000000e+00
1.000000000000000000e+00 1.000000000000000000e+00 1.000000000000000000e+00 1.000000000000000000e+00 1.000000000000000000e+00 0.000000000000000000e+00 0.000000000000000000e+00 1.020027179662520878e+00 1.626124299622127012e+00 1.020421365872509201e+00 8.009531632959228098e-01 1.710949119050134692e-01 -1.162406421125606881e-01 0.000000000000000000e+00
1.000000000000000000e+00 1.000000000000000000e+00 1.000000000000000000e+00 1.000000000000000000e+00 1.000000000000000000e+00 0.000000000000000000e+00 0.000000000000000000e+00 9.513492157229201940e-01 2.403927183600153228e+00 9.800871446599788150e-01 6.702927314005018289e-01 -1.531703915982958741e-01 8.095946999304748370e-02 0.000000000000000000e+00
1.000000000000000000e+00 1.000000000000000000e+00 1.000000000000000000e+00 1.000000000000000000e+00 1.000000000000000000e+00 0.000000000000000000e+00 0.000000000000000000e+00 9.153916738705232259e-01 2.564061335599397751e+00 9.851115004875596881e-01 1.123153893803540360e+00 5.692939769014992990e-02 3.262603711282146546e-01 0.000000000000000000e+00
1.000000000000000000e+00 1.000000000000000000e+00 1.000000000000000000e+00 1.000000000000000000e+00 1.000000000000000000e+00 0.000000000000000000e+00 0.000000000000000000e+00 9.573176930683415797e-01 1.459245993035064082e+00 9.793594322314030931e-01 4.029991349932763867e-01 1.826704211809536682e-01 2.536981406510973591e-01 0.000000000000000000e+00
1.000000000000000000e+00 1.000000000000000000e+00 1.000000000000000000e+00 1.000000000000000000e+00 1.000000000000000000e+00 0.000000000000000000e+00 0.000000000000000000e+00 9.037803213299927529e-01 2.533474234580682882e+00 9.763957284947638593e-01 9.542278189880275541e-01 -1.104801000458721649e-02 -8.261780701918275405e-02 0.000000000000000000e+00
1.000000000000000000e+00 1.000000000000000000e+00 1.000000000000000000e+00 1.000000000000000000e+00 1.000000000000000000e+00 0.000000000000000000e+00 0.000000000000000000e+00 9.409278904547508926e-01 1.602967869175330407e+00 9.832112143483648925e-01 4.104638404318945999e-01 1.094349564612023817e-01 -2.994452497699844895e-01 0.000000000000000000e+00
1.000000000000000000e+00 1.000000000000000000e+00 1.000000000000000000e+00 1.000000000000000000e+00 1.000000000000000000e+00 0.000000000000000000e+00 0.000000000000000000e+00 9.538439135729084306e-01 2.569264544086568236e+00 1.001394897748233204e+00 5.512377110625944487e-01 -2.217088738724938279e-01 2.170122108783142933e-01 0.000000000000000000e+00
1.000000000000000000e+00 1.000000000000000000e+00 1.000000000000000000e+00 1.000000000000000000e+00 1.000000000000000000e+00 0.000000000000000000e+00 0.000000000000000000e+00 9.877307314234298197e-01 1.954307827049732937e+00 1.010548861598872916e+00 1.237268595356820766e+00 1.471429695639470125e-01 1.690132295348845126e-02 0.000000000000000000e+00
1.000000000000000000e+00 1.000000000000000000e+00 1.000000000000000000e+00 1.000000000000000000e+00 1.000000000000000000e+00 0.000000000000000000e+00 0.000000000000000000e+00 9.321245553496686487e-01 1.136135334099969141e+00 1.004650673378696402e+00 7.470119608175905812e-01 -2.983451041338072152e-01 -2.847954659938134458e-01 0.000000000000000000e+00
1.000000000000000000e+00 1.000000000000000000e+00 1.000000000000000000e+00 1.000000000000000000e+00 1.000000000000000000e+00 0.000000000000000000e+00 0.000000000000000000e+00 1.002862312262782662e+00 1.228199510193892285e+00 1.027220114702118714e+00 8.841225180223332147e-01 2.618582377159260899e-01 -1.800504487137333243e-02 0.000000000000000000e+00
1.000000000000000000e+00 1.000000000000000000e+00 1.000000000000000000e+00 1.000000000000000000e+00 1.000000000000000000e+00 0.000000000000000000e+00 0.000000000000000000e+00 9.412136685797902746e-01 2.457120114912293651e+00 1.019376452792492449e+00 4.351247717289937755e-01 -2.332047412378427387e-01 -1.485800504463831162e-01 0.000000000000000000e+00
1.000000000000000000e+00 1.000000000000000000e+00 1.000000000000000000e+00 1.000000000000000000e+00 1.000000000000000000e+00 0.000000000000000000e+00 0.000000000000000000e+00 9.586620929513246514e-01 2.046991413548391314e+00 9.939101801411076575e-01 5.467656654098813629e-01 1.997624922193675934e-01 1.459719607583103707e-01 0.000000000000000000e+00
1.000000000000000000e+00 1.000000000000000000e+00 1.000000000000000000e+00 1.000000000000000000e+00 1.000000000000000000e+00 0.000000000000000000e+00 0.000000000000000000e+00 9.543769809679693017e-01 1.862522541938954612e+00 1.019924532330613420e+00 7.811180163538370413e-01 -4.351404224385811981e-01 -1.119043285660419329e-01 0.000000000000000000e+00
1.000000000000000000e+00 1.000000000000000000e+00 1.000000000000000000e+00 1.000000000000000000e+00 1.000000000000000000e+00 0.000000000000000000e+00 0.000000000000000000e+00 1.006708181656941647e+00 1.925583725627256770e+00 9.882763161466613377e-01 1.022492173543300797e+00 -2.846085292209738493e-01 8.474926957190520582e-02 0.000000000000000000e+00
1.000000000000000000e+00 1.000000000000000000e+00 1.000000000000000000e+00 1.000000000000000000e+00 1.000000000000000000e+00 0.000000000000000000e+00 0.000000000000000000e+00 1.019123760850122018e+00 1.911318950904659308e+00 1.006210995430203647e+00 1.067056727679535522e+00 -1.027357910296847754e-01 -2.324909978894744711e-01 0.000000000000000000e+00
1.000000000000000000e+00 1.000000000000000000e+00 1.000000000000000000e+00 1.000000000000000000e+00 1.000000000000000000e+00 0.000000000000000000e+00 0.000000000000000000e+00 9.706763372401784329e-01 1.467304642358224331e+00 1.002908593281465199e+00 9.968449620588802906e-01 -2.570069164874588807e-02 1.849358611289089738e-01 0.000000000000000000e+00
1.000000000000000000e+00 1.000000000000000000e+00 1.000000000000000000e+00 1.000000000000000000e+00 1.000000000000000000e+00 0.000000000000000000e+00 0.000000000000000000e+00 9.011082894963760026e-01 1.703356599831514329e+00 9.807948318101662455e-01 5.970376188344466151e-01 -6.092606437851195711e-01 -1.257960702417472432e-01 0.000000000000000000e+00
1.000000000000000000e+00 1.000000000000000000e+00 1.000000000000000000e+00 1.000000000000000000e+00 1.000000000000000000e+00 0.000000000000000000e+00 0.000000000000000000e+00 9.723339107983628438e-01 2.117330069623835520e+00 1.029744486524397429e+00 5.870094013944653355e-01 -5.104634747056961963e-01 -1.946250667950594759e-01 0.000000000000000000e+00
1.000000000000000000e+00 1.000000000000000000e+00 1.000000000000000000e+00 1.000000000000000000e+00 1.000000000000000000e+00 0.000000000000000000e+00 0.000000000000000000e+00 9.894118466977516180e-01 1.279866384502293064e+00 1.001864892507236871e+00 6.248072480970601195e-01 -3.986038734726450317e-01 1.882366889933924647e-01 0.000000000000000000e+00
1.000000000000000000e+00 1.000000000000000000e+00 1.000000000000000000e+00 1.000000000000000000e+00 1.000000000000000000e+00 0.000000000000000000e+00 0.000000000000000000e+00 9.974304188252218761e-01 2.182930610395583226e+00 1.008453680892994697e+00 7.899942817081095914e-01 2.014888056023056429e-01 -2.420027961508931513e-01 0.000000000000000000e+00
1.000000000000000000e+00 1.000000000000000000e+00 1.000000000000000000e+00 1.000000000000000000e+00 1.000000000000000000e+00 0.000000000000000000e+00 0.000000000000000000e+00 9.523772284516430764e-01 1.893689711529634057e+00 9.916521891410320366e-01 1.014401100223130125e+00 -2.827558467043042589e-01 2.622502522524077784e-01 0.000000000000000000e+00
1.000000000000000000e+00 1.000000000000000000e+00 1.000000000000000000e+00 1.000000000000000000e+00 1.000000000000000000e+00 0.000000000000000000e+00 0.000000000000000000e+00 1.001815509638857238e+00 1.479774374660535852e+00 9.712592696971733552e-01 9.093084977029340932e-01 -6.217733167118255633e-01 -1.530734416322183933e-01 0.000000000000000000e+00
1.000000000000000000e+00 1.000000000000000000e+00 1.000000000000000000e+00 1.000000000000000000e+00 1.000000000000000000e+00 0.000000000000000000e+00 0.000000000000000000e+00 9.090549339726100575e-01 1.311267755437164784e+00 9.860080406530636887e-01 6.829478117470235699e-01 6.692183713291344205e-02 -3.147452166761374182e-01 0.000000000000000000e+00
1.000000000000000000e+00 1.000000000000000000e+00 1.000000000000000000e+00 1.000000000000000000e+00 1.000000000000000000e+00 0.000000000000000000e+00 0.000000000000000000e+00 1.007683211793665157e+00 2.289370500823994625e+00 1.023161242200246734e+00 8.364805060232877176e-01 1.331408406786649401e-01 2.677990137878211718e-01 0.000000000000000000e+00
1.000000000000000000e+00 1.000000000000000000e+00 1.000000000000000000e+00 1.000000000000000000e+00 1.000000000000000000e+00 0.000000000000000000e+00 0.000000000000000000e+00 9.252776858775763058e-01 1.819768358038995171e+00 9.732631707411161237e-01 7.385613270138509101e-01 -4.250643717125268672e-02 2.755258029796834873e-01 0.000000000000000000e+00
1.000000000000000000e+00 1.000000000000000000e+00 1.000000000000000000e+00 1.000000000000000000e+00 1.000000000000000000e+00 0.000000000000000000e+00 0.000000000000000000e+00 1.000729126974288397e+00 1.248231750381984639e+00 9.904085200252972232e-01 1.233599551251229443e+00 -5.698370666248069316e-01 -3.205770001985162043e-01 0.000000000000000000e+00
1.000000000000000000e+00 1.000000000000000000e+00 1.000000000000000000e+00 1.000000000000000000e+00 1.000000000000000000e+00 0.000000000000000000e+00 0.000000000000000000e+00 9.807784389841059935e-01 2.076065770268303634e+00 1.011566997299229609e+00 6.323711397671336609e-01 -6.015861405244986582e-01 3.203764290873891141e-01 0.000000000000000000e+00
1.000000000000000000e+00 1.000000000000000000e+00 1.000000000000000000e+00 1.000000000000000000e+00 1.000000000000000000e+00 0.000000000000000000e+00 0.000000000000000000e+00 9.665335532473462443e-01 2.344471167489847296e+00 1.003818297631812184e+00 6.774844065642540158e-01 -1.102383509409524676e-01 2.471986136802972744e-02 0.000000000000000000e+00
1.000000000000000000e+00 1.000000000000000000e+00 1.000000000000000000e+00 1.000000000000000000e+00 1.000000000000000000e+00 0.000000000000000000e+00 0.000000000000000000e+00 9.553650101422196395e-01 1.951297980409569810e+00 1.014448820382891192e+00 1.132879474275893195e+00 1.420712789306775026e-01 -2.091844516210839555e-01 0.000000000000000000e+00
1.000000000000000000e+00 1.000000000000000000e+00 1.000000000000000000e+00 1.000000000000000000e+00 1.000000000000000000e+00 0.000000000000000000e+00 0.000000000000000000e+00 1.011491239496576489e+00 2.013375284810432486e+00 1.016019190183774956e+00 6.090118508979761591e-01 -3.599462382375592240e-01 1.317824443300423809e-01 0.000000000000000000e+00
1.000000000000000000e+00 1.000000000000000000e+00 1.000000000000000000e+00 1.000000000000000000e+00 1.000000000000000000e+00 0.000000000000000000e+00 0.000000000000000000e+00 9.224999634420669725e-01 1.757194024981456382e+00 1.003087544218518978e+00 5.148132069509783193e-01 -6.976410530931043130e-02 4.800493855068388438e-02 0.000000000000000000e+00
1.000000000000000000e+00 1.000000000000000000e+00 1.000000000000000000e+00 1.000000000000000000e+00 1.000000000000000000e+00 0.000000000000000000e+00 0.000000000000000000e+00 9.673377994515869327e-01 8.883374203579490480e-01 1.018356235913681962e+00 1.053281263198868167e+00 -5.908482767214080500e-01 -3.248909153818353435e-01 0.000000000000000000e+00
1.000000000000000000e+00 1.000000000000000000e+00 1.000000000000000000e+00 1.000000000000000000e+00 1.000000000000000000e+00 0.000000000000000000e+00 0.000000000000000000e+00 1.009442190253643012e+00 1.750809231901168772e+00 9.940397979603128320e-01 1.147304743448560371e+00 -5.547659110134859350e-01 7.309275217838939742e-02 0.000000000000000000e+00
1.000000000000000000e+00 1.000000000000000000e+00 1.000000000000000000e+00 1.000000000000000000e+00 1.000000000000000000e+00 0.000000000000000000e+00 0.000000000000000000e+00 9.144624752060429573e-01 2.126034823576064881e+00 1.029013232144808887e+00 5.682029923380119696e-01 -9.431019016480757244e-02 -9.423712975133863301e-02 0.000000000000000000e+00
1.000000000000000000e+00 1.000000000000000000e+00 1.000000000000000000e+00 1.000000000000000000e+00 1.000000000000000000e+00 0.000000000000000000e+00 0.000000000000000000e+00 1.011809033875303410e+00 2.212477452001289535e+00 1.014188646321672271e+00 8.905072568429369673e-01 -5.252078846683909674e-01 -4.270029393977858856e-03 0.000000000000000000e+00
1.000000000000000000e+00 1.000000000000000000e+00 1.000000000000000000e+00 1.000000000000000000e+00 1.000000000000000000e+00 0.000000000000000000e+00 0.000000000000000000e+00 1.022209168038385352e+00 2.165501169229469447e+00 9.787928293396485069e-01 9.580998022712183815e-01 -5.950683818809061609e-01 -2.965457205788335493e-01 0.000000000000000000e+00
1.000000000000000000e+00 1.000000000000000000e+00 1.000000000000000000e+00 1.000000000000000000e+00 1.000000000000000000e+00 0.000000000000000000e+00 0.000000000000000000e+00 9.751541822772690216e-01 1.002598746915275063e+00 9.733109655533686011e-01 1.074205050807945039e+00 -4.940653031568346676e-01 1.916819768474528618e-01 0.000000000000000000e+00
1.000000000000000000e+00 1.000000000000000000e+00 1.000000000000000000e+00 1.000000000000000000e+00 1.000000000000000000e+00 0.000000000000000000e+00 0.000000000000000000e+00 1.010086027457414382e+00 1.004749980753600447e+00 9.927084640684268324e-01 1.142573183157379546e+00 1.207878845915972832e-01 -7.548545136367817987e-02 0.000000000000000000e+00
1.000000000000000000e+00 1.000000000000000000e+00 1.000000000000000000e+00 1.000000000000000000e+00 1.000000000000000000e+00 0.000000000000000000e+00 0.000000000000000000e+00 9.061596386591392882e-01 1.212051213864460797e+00 9.835277515165603557e-01 6.521329781645446300e-01 -4.384024318606610793e-01 -7.091965112095294232e-02 0.000000000000000000e+00
1.000000000000000000e+00 1.000000000000000000e+00 1.000000000000000000e+00 1.000000000000000000e+00 1.000000000000000000e+00 0.000000000000000000e+00 0.000000000000000000e+00 9.630738898599645603e-01 1.999864142179674120e+00 9.844643013023378630e-01 8.464403829592830331e-01 2.315244630969934825e-01 2.092044602287376764e-01 0.000000000000000000e+00
1.000000000000000000e+00 1.000000000000000000e+00 1.000000000000000000e+00 1.000000000000000000e+00 1.000000000000000000e+00 0.000000000000000000e+00 0.000000000000000000e+00 9.653574734542851310e-01 8.686360388091551865e-01 9.886633417463454032e-01 8.087903834970850969e-01 -1.216729250566551679e-01 1.532843573445606400e-01 0.000000000000000000e+00
1.000000000000000000e+00 1.000000000000000000e+00 1.000000000000000000e+00 1.000000000000000000e+00 1.000000000000000000e+00 0.000000000000000000e+00 0.000000000000000000e+00 9.986417504481387430e-01 1.106840678176529869e+00 9.862623837707331642e-01 4.275124836362890202e-01 -4.603901970180763747e-01 3.366504756895816186e-03 0.000000000000000000e+00
1.000000000000000000e+00 1.000000000000000000e+00 1.000000000000000000e+00 1.000000000000000000e+00 1.000000000000000000e+00 0.000000000000000000e+00 0.000000000000000000e+00 9.368412161195305288e-01 1.550638911982201940e+00 1.028680245803931692e+00 1.105370275491251775e+00 -2.256859359855567515e-01 -2.145329581044642941e-01 0.000000000000000000e+00
1.000000000000000000e+00 1.000000000000000000e+00 1.000000000000000000e+00 1.000000000000000000e+00 1.000000000000000000e+00 0.000000000000000000e+00 0.000000000000000000e+00 9.215989816856400285e-01 1.540165286496427033e+00 9.900562949714000194e-01 1.203624090304719507e+00 -2.010941669146447119e-01 -8.305535088018456413e-04 0.000000000000000000e+00
1.000000000000000000e+00 1.000000000000000000e+00 1.000000000000000000e+00 1.000000000000000000e+00 1.000000000000000000e+00 0.000000000000000000e+00 0.000000000000000000e+00 9.336042499861237909e-01 1.407939068313570186e+00 9.967493505132188902e-01 4.197036730876071431e-01 2.657085414902747855e-01 1.671029466292568433e-01 0.000000000000000000e+00
1.000000000000000000e+00 1.000000000000000000e+00 1.000000000000000000e+00 1.000000000000000000e+00 1.000000000000000000e+00 0.000000000000000000e+00 0.000000000000000000e+00 9.485575812198405732e-01 1.020197868125744645e+00 1.018767161853671110e+00 1.080755152040525191e+00 -4.058305661260959152e-01 2.728061128706743554e-02 0.000000000000000000e+00
1.000000000000000000e+00 1.000000000000000000e+00 1.000000000000000000e+00 1.000000000000000000e+00 1.000000000000000000e+00 0.000000000000000000e+00 0.000000000000000000e+00 1.017299084251406915e+00 1.352207647003432545e+00 1.022933941460484109e+00 1.128974445878759614e+00 -3.725895069790998715e-01 -7.858628135911233104e-02 0.000000000000000000e+00
1.000000000000000000e+00 1.000000000000000000e+00 1.000000000000000000e+00 1.000000000000000000e+00 1.000000000000000000e+00 0.000000000000000000e+00 0.000000000000000000e+00 1.016965017357023049e+00 1.708848640362718330e+00 9.824042802693917498e-01 4.895116021415712448e-01 8.382944674780734573e-03 9.562798821420848139e-02 0.000000000000000000e+00
1.000000000000000000e+00 1.000000000000000000e+00 1.000000000000000000e+00 1.000000000000000000e+00 1.000000000000000000e+00 0.000000000000000000e+00 0.000000000000000000e+00 9.980844746571368997e-01 1.124728764406599746e+00 9.913107420793758617e-01 8.665985526366676295e-01 -5.755450727649358278e-01 3.149689277548974320e-01 0.000000000000000000e+00
1.000000000000000000e+00 1.000000000000000000e+00 1.000000000000000000e+00 1.000000000000000000e+00 1.000000000000000000e+00 0.000000000000000000e+00 0.000000000000000000e+00 9.116382753879086476e-01 2.030785928799231144e+00 1.000213760509123695e+00 1.183675859250271412e+00 -5.872955269695767644e-02 1.236867959143987949e-01 0.000000000000000000e+00
1.000000000000000000e+00 1.000000000000000000e+00 1.000000000000000000e+00 1.000000000000000000e+00 1.000000000000000000e+00 0.000000000000000000e+00 0.000000000000000000e+00 9.495645548004735259e-01 2.158296261741937450e+00 9.818943634835503032e-01 9.474663213371735671e-01 5.131024337798684165e-02 -3.267475270114391650e-01 0.000000000000000000e+00
1.000000000000000000e+00 1.000000000000000000e+00 1.000000000000000000e+00 1.000000000000000000e+00 1.000000000000000000e+00 0.000000000000000000e+00 0.000000000000000000e+00 9.210546268998938135e-01 2.085343368595350633e+00 1.006907292316752134e+00 9.366801934472105406e-01 -3.963106294077174407e-01 -3.124048545232707697e-01 0.000000000000000000e+00
1.000000000000000000e+00 1.000000000000000000e+00 1.000000000000000000e+00 1.000000000000000000e+00 1.000000000000000000e+00 0.000000000000000000e+00 0.000000000000000000e+00 9.921363525195324717e-01 2.500503029723579296e+00 9.873803304292276817e-01 1.199577429365890069e+00 9.536784279951826537e-02 -2.737094156695168423e-01 0.000000000000000000e+00
1.000000000000000000e+00 1.000000000000000000e+00 1.000000000000000000e+00 1.000000000000000000e+00 1.000000000000000000e+00 0.000000000000000000e+00 0.000000000000000000e+00 9.236461934790571870e-01 1.612511854998446736e+00 9.779152337572929454e-01 5.745369143434684300e-01 -1.826597863844015568e-01 -1.323404253214862103e-01 0.000000000000000000e+00
1.000000000000000000e+00 1.000000000000000000e+00 1.000000000000000000e+00 1.000000000000000000e+00 1.000000000000000000e+00 0.000000000000000000e+00 0.000000000000000000e+00 9.242464626997005661e-01 2.545297846166881151e+00 9.762846061061334346e-01 6.150191424214792590e-01 -4.132057746655369845e-01 1.076205431145401126e-01 0.000000000000000000e+00
1.000000000000000000e+00 1.000000000000000000e+00 1.000000000000000000e+00 1.000000000000000000e+00 1.000000000000000000e+00 0.000000000000000000e+00 0.000000000000000000e+00 1.025585631013722132e+00 2.493417691901481881e+00 1.002541478705990308e+00 5.794845100199395027e-01 -3.898747741983948356e-01 7.796114429021011594e-02 0.000000000000000000e+00
1.000000000000000000e+00 1.000000000000000000e+00 1.000000000000000000e+00 1.000000000000000000e+00 1.000000000000000000e+00 0.000000000000000000e+00 0.000000000000000000e+00 9.204053803559680835e-01 2.223855627164063264e+00 1.013839610612612852e+00 5.401370595641098449e-01 -3.262104863816342459e-01 -3.065074027935028589e-01 0.000000000000000000e+00
1.000000000000000000e+00 1.000000000000000000e+00 1.000000000000000000e+00 1.000000000000000000e+00 1.000000000000000000e+00 0.000000000000000000e+00 0.000000000000000000e+00 1.021860967608173798e+00 2.277319031467485377e+00 9.728818615806168468e-01 1.087372315868733619e+00 -2.097686972138845252e-01 -2.819383576245063638e-01 0.000000000000000000e+00
1.000000000000000000e+00 1.000000000000000000e+00 1.000000000000000000e+00 1.000000000000000000e+00 1.000000000000000000e+00 0.000000000000000000e+00 0.000000000000000000e+00 1.027461383021031294e+00 1.796817033237786188e+00 1.006889925555667142e+00 7.018944640308686367e-01 -1.509104837206121652e-01 -6.234994209315397606e-02 0.000000000000000000e+00
1.000000000000000000e+00 1.000000000000000000e+00 1.000000000000000000e+00 1.000000000000000000e+00 1.000000000000000000e+00 0.000000000000000000e+00 0.000000000000000000e+00 1.000774294921641161e+00 2.065513459471423285e+00 1.013505909579696551e+00 4.455171657352750003e-01 1.150280314014284766e-02 9.640052954563405052e-02 0.000000000000000000e+00
1.000000000000000000e+00 1.000000000000000000e+00 1.000000000000000000e+00 1.000000000000000000e+00 1.000000000000000000e+00 0.000000000000000000e+00 0.000000000000000000e+00 9.581904342129052843e-01 1.503251609739343131e+00 1.028212098848026557e+00 4.949413569831004889e-01 -5.562105161478073656e-01 8.721679182999036994e-02 0.000000000000000000e+00
1.000000000000000000e+00 1.000000000000000000e+00 1.000000000000000000e+00 1.000000000000000000e+00 1.000000000000000000e+00 0.000000000000000000e+00 0.000000000000000000e+00 9.488537586221713616e-01 2.173908948904442973e+00 9.987290154452368451e-01 1.085412157345237105e+00 -4.537721267818242699e-01 2.785538888410015734e-01 0.000000000000000000e+00
1.000000000000000000e+00 1.000000000000000000e+00 1.000000000000000000e+00 1.000000000000000000e+00 1.000000000000000000e+00 0.000000000000000000e+00 0.000000000000000000e+00 9.500943257035313616e-01 1.842672449015562597e+00 1.026877890074576527e+00 5.548611962887129989e-01 -1.374073389491446973e-01 2.543697643912407602e-01 0.000000000000000000e+00
1.000000000000000000e+00 1.000000000000000000e+00 1.000000000000000000e+00 1.000000000000000000e+00 1.000000000000000000e+00 0.000000000000000000e+00 0.000000000000000000e+00 9.006313589954773047e-01 1.079660453473352932e+00 1.029139781959788058e+00 7.439280700617267872e-01 3.547342546575693589e-02 -3.027365579888630087e-02 0.000000000000000000e+00
1.000000000000000000e+00 1.000000000000000000e+00 1.000000000000000000e+00 1.000000000000000000e+00 1.000000000000000000e+00 0.000000000000000000e+00 0.000000000000000000e+00 9.599389070343170571e-01 1.873634824958695155e+00 1.021782034967227304e+00 1.195082960849360276e+00 -5.680807568370971339e-01 1.187656073559716918e-01 0.000000000000000000e+00
1.000000000000000000e+00 1.000000000000000000e+00 1.000000000000000000e+00 1.000000000000000000e+00 1.000000000000000000e+00 0.000000000000000000e+00 0.000000000000000000e+00 9.855127818451840938e-01 1.576151126870533492e+00 1.021408965899554433e+00 8.739093529553048079e-01 7.951239999884007759e-02 -2.506559153688905917e-01 0.000000000000000000e+00
1.000000000000000000e+00 1.000000000000000000e+00 1.000000000000000000e+00 1.000000000000000000e+00 1.000000000000000000e+00 0.000000000000000000e+00 0.000000000000000000e+00 9.864198716250773824e-01 2.391284233352432675e+00 9.821819924776469257e-01 1.226481577301426151e+00 -3.509272065724542977e-01 4.171085107445771101e-02 0.000000000000000000e+00
1.000000000000000000e+00 1.000000000000000000e+00 1.000000000000000000e+00 1.000000000000000000e+00 1.000000000000000000e+00 0.000000000000000000e+00 0.000000000000000000e+00 9.467252218021455779e-01 1.664651416292971975e+00 9.710494387342427647e-01 1.021528120707329013e+00 1.632668528051368639e-01 -2.262887512125712208e-01 0.000000000000000000e+00
1.000000000000000000e+00 1.000000000000000000e+00 1.000000000000000000e+00 1.000000000000000000e+00 1.000000000000000000e+00 0.000000000000000000e+00 0.000000000000000000e+00 9.877846321900060067e-01 9.889607256846777439e-01 9.743242419727773385e-01 1.141183933688305174e+00 -4.591594437499580961e-01 -1.399465181596780405e-01 0.000000000000000000e+00
1.000000000000000000e+00 1.000000000000000000e+00 1.000000000000000000e+00 1.000000000000000000e+00 1.000000000000000000e+00 0.000000000000000000e+00 0.000000000000000000e+00 9.349415643949521293e-01 2.619996522189578236e+00 9.752502733438127569e-01 1.155332468407520352e+00 2.723343245216993669e-01 1.706210905462353655e-01 0.000000000000000000e+00
1.000000000000000000e+00 1.000000000000000000e+00 1.000000000000000000e+00 1.000000000000000000e+00 1.000000000000000000e+00 0.000000000000000000e+00 0.000000000000000000e+00 9.946186728062849092e-01 1.988792280909452037e+00 9.777630931301427575e-01 6.031129126642685856e-01 -8.788441033131944025e-02 1.123079048412231606e-01 0.000000000000000000e+00
1.000000000000000000e+00 1.000000000000000000e+00 1.000000000000000000e+00 1.000000000000000000e+00 1.000000000000000000e+00 0.000000000000000000e+00 0.000000000000000000e+00 9.360583089166654158e-01 1.398469112483148091e+00 1.016904737716017637e+00 1.094934144794846631e+00 -6.333574341007547348e-01 1.426832222753234847e-01 0.000000000000000000e+00
1.000000000000000000e+00 1.000000000000000000e+00 1.000000000000000000e+00 1.000000000000000000e+00 1.000000000000000000e+00 0.000000000000000000e+00 0.000000000000000000e+00 9.253657365019479775e-01 1.171871367602254965e+00 9.766456317546921007e-01 1.213154647985221768e+00 -3.368465493127878463e-01 2.430438512442762433e-01 0.000000000000000000e+00
1.000000000000000000e+00 1.000000000000000000e+00 1.000000000000000000e+00 1.000000000000000000e+00 1.000000000000000000e+00 0.000000000000000000e+00 0.000000000000000000e+00 9.639535817822568742e-01 2.139560256743823441e+00 9.958481360566963092e-01 8.800241012253472439e-01 -3.881082778955987633e-01 2.717572854686411410e-01 0.000000000000000000e+00
1.000000000000000000e+00 1.000000000000000000e+00 1.000000000000000000e+00 1.000000000000000000e+00 1.000000000000000000e+00 0.000000000000000000e+00 0.000000000000000000e+00 9.714085103446130631e-01 2.467547686047163680e+00 1.012663289343877837e+00 3.922115134935507119e-01 1.013204105249045917e-01 1.610948619734428044e-01 0.000000000000000000e+00
1.000000000000000000e+00 1.000000000000000000e+00 1.000000000000000000e+00 1.000000000000000000e+00 1.000000000000000000e+00 0.000000000000000000e+00 0.000000000000000000e+00 1.003855110570089693e+00 2.147021646151376029e+00 1.013248864808784733e+00 7.741398534317869284e-01 -4.677939662779848629e-01 5.804192149332237927e-02 0.000000000000000000e+00
1.000000000000000000e+00 1.000000000000000000e+00 1.000000000000000000e+00 1.000000000000000000e+00 1.000000000000000000e+00 0.000000000000000000e+00 0.000000000000000000e+00 1.016302688888919503e+00 2.245944504953345522e+00 9.755927584677039910e-01 9.891401746028776198e-01 -2.419291360847539152e-01 -1.357564291792426880e-01 0.000000000000000000e+00
1.000000000000000000e+00 1.000000000000000000e+00 1.000000000000000000e+00 1.000000000000000000e+00 1.000000000000000000e+00 0.000000000000000000e+00 0.000000000000000000e+00 9.339812598977765834e-01 7.987282561199394726e-01 9.909956228122882571e-01 1.116520896767397186e+00 -4.111352909956300650e-02 2.860806657938705366e-01 0.000000000000000000e+00
1.000000000000000000e+00 1.000000000000000000e+00 1.000000000000000000e+00 1.000000000000000000e+00 1.000000000000000000e+00 0.000000000000000000e+00 0.000000000000000000e+00 9.470876310058241598e-01 1.637631271425934232e+00 1.020237052859603200e+00 4.530065084563115185e-01 -6.489723376652005715e-01 4.365289460886884187e-02 0.000000000000000000e+00
1.000000000000000000e+00 1.000000000000000000e+00 1.000000000000000000e+00 1.000000000000000000e+00 1.000000000000000000e+00 0.000000000000000000e+00 0.000000000000000000e+00 9.354730660804703168e-01 9.398326169903332694e-01 9.943100761732296400e-01 9.192496081855265899e-01 -1.978777131348830043e-02 1.003185184714234235e-01 0.000000000000000000e+00
1.000000000000000000e+00 1.000000000000000000e+00 1.000000000000000000e+00 1.000000000000000000e+00 1.000000000000000000e+00 0.000000000000000000e+00 0.000000000000000000e+00 9.696001244880045888e-01 2.592390126502482683e+00 9.962369606440041325e-01 1.244134228402917763e+00 1.278738907822198900e-01 -1.773204435395502321e-01 0.000000000000000000e+00
1.000000000000000000e+00 1.000000000000000000e+00 1.000000000000000000e+00 1.000000000000000000e+00 1.000000000000000000e+00 0.000000000000000000e+00 0.000000000000000000e+00 1.026564756248952603e+00 1.649368758546849945e+00 9.983064910742308617e-01 8.580536619291294631e-01 1.798184244270977228e-01 2.034110153292836842e-01 0.000000000000000000e+00
1.000000000000000000e+00 1.000000000000000000e+00 1.000000000000000000e+00 1.000000000000000000e+00 1.000000000000000000e+00 0.000000000000000000e+00 0.000000000000000000e+00 9.138204062865404875e-01 1.672909175451484431e+00 9.977645072216367872e-01 7.300138994524262293e-01 2.405639800422175734e-01 -6.395752865719750435e-02 0.000000000000000000e+00
1.000000000000000000e+00 1.000000000000000000e+00 1.000000000000000000e+00 1.000000000000000000e+00 1.000000000000000000e+00 0.000000000000000000e+00 0.000000000000000000e+00 9.134328884812089600e-01 1.302891085911663804e+00 9.796901566336181366e-01 8.229405023392800667e-01 -5.817648207251578940e-01 6.803638032303399585e-02 0.000000000000000000e+00
1.000000000000000000e+00 1.000000000000000000e+00 1.000000000000000000e+00 1.000000000000000000e+00 1.000000000000000000e+00 0.000000000000000000e+00 0.000000000000000000e+00 1.024089205423961202e+00 1.562308627444845666e+00 1.016403018410095838e+00 7.090487214014653539e-01 1.764639919867508899e-01 -2.917117864765804147e-01 0.000000000000000000e+00
1.000000000000000000e+00 1.000000000000000000e+00 1.000000000000000000e+00 1.000000000000000000e+00 1.000000000000000000e+00 0.000000000000000000e+00 0.000000000000000000e+00 1.005060183760260406e+00 1.061383632367983276e+00 9.858988215548241119e-01 1.064713203904455785e+00 -1.710952034711534786e-01 -2.730122952670221981e-02 0.000000000000000000e+00
1.000000000000000000e+00 1.000000000000000000e+00 1.000000000000000000e+00 1.000000000000000000e+00 1.000000000000000000e+00 0.000000000000000000e+00 0.000000000000000000e+00 1.027036518774178564e+00 2.437230038553054978e+00 1.000977437928228575e+00 5.136687499162565507e-01 -3.828068543179876104e-01 3.178043867403146927e-01 0.000000000000000000e+00
1.000000000000000000e+00 1.000000000000000000e+00 1.000000000000000000e+00 1.000000000000000000e+00 1.000000000000000000e+00 0.000000000000000000e+00 0.000000000000000000e+00 9.899372870255814805e-01 1.190295831027580631e+00 9.930681564367982439e-01 9.648966033235519824e-01 -8.023478720886878524e-02 -2.882788106152538443e-01 0.000000000000000000e+00
1.000000000000000000e+00 1.000000000000000000e+00 1.000000000000000000e+00 1.000000000000000000e+00 1.000000000000000000e+00 0.000000000000000000e+00 0.000000000000000000e+00 1.024544071366770170e+00 1.383065239425190551e+00 9.971397388444306342e-01 9.035790489520146851e-01 -2.510243620095554684e-01 -2.546241774963409199e-01 0.000000000000000000e+00
1.000000000000000000e+00 1.000000000000000000e+00 1.000000000000000000e+00 1.000000000000000000e+00 1.000000000000000000e+00 0.000000000000000000e+00 0.000000000000000000e+00 1.023464718693347875e+00 2.355986262111607665e+00 9.952848680448254104e-01 1.035856973175729223e+00 -4.706248916440113339e-01 3.218209921371217863e-02 0.000000000000000000e+00
1.000000000000000000e+00 1.000000000000000000e+00 1.000000000000000000e+00 1.000000000000000000e+00 1.000000000000000000e+00 0.000000000000000000e+00 0.000000000000000000e+00 9.867048149352277697e-01 2.474057037347304977e+00 1.027725054073527655e+00 8.710458614170715208e-01 7.452026111790466256e-02 2.378437958071864533e-01 0.000000000000000000e+00
1.000000000000000000e+00 1.000000000000000000e+00 1.000000000000000000e+00 1.000000000000000000e+00 1.000000000000000000e+00 0.000000000000000000e+00 0.000000000000000000e+00 9.625142955740547679e-01 1.093502469312037206e+00 1.022112567813549866e+00 1.045568801716512564e+00 1.517113770123263983e-01 3.007376897024573448e-01 0.000000000000000000e+00
