1.1542943409334327 0.8000751425563543 0.5455875606161276 0.9249400050165134 0.8611240806246669 0.21660032006678095 0.01660619139816566 1.0078828325496914 1.2291122397243859 0.9903784638379907 1.1669353215838072 -0.3476857353909415 0.06479277581526788 58.10595656992513
1.3341322213761515 0.9621067725625343 0.6289952747355452 0.6703205940446826 0.9046500593435409 0.89704148826728 -0.22946099573876427 0.9841813137334585 1.0996683498802886 0.9701241514631038 1.0811785940634668 0.09264904220696679 -0.04844737493818291 47.435792383077235
0.5702236101416228 0.8885078446659235 1.467320904417372 1.2674056479133404 0.9430158698855293 0.18613520729888497 -0.30777473457745086 0.9912295292419596 2.485699296973473 1.0058467957075594 0.990034202147027 -0.14154768777024573 0.19638036496518135 53.75423119776988
0.9595745022664846 0.9157625754718227 1.2120024206794966 0.8225722311937537 0.45829172879181523 0.15462271156641266 0.49163674399916424 0.9598442946958706 1.029193235231102 1.0072617200392469 0.5275872754801103 0.08964885113104726 0.29455584547289165 40.87057976104865
1.2500805607714223 0.8045919352238835 0.5725799818443524 0.6270944007907493 0.4826988501148446 0.8460572050536788 0.4660207356522592 0.9765863204218823 2.5328698877770774 0.9847407182400568 0.47242342364738077 0.03744320184134975 0.028618649757557013 54.36014832011361
1.234199608089926 0.8800204305647052 0.5508945093698108 0.6164323190145896 0.07475988339934973 0.3603439603219848 -0.4646164833701638 1.0177643980718376 1.2458018920551024 1.007078243322608 0.4978439570499717 0.15689624796021884 -0.15890968645191297 13.43602277890811
0.7127504353785621 0.8362646632303636 1.3827505785661751 1.3363118968455512 0.09898023518130103 0.5034980623338404 0.39581139939043286 1.010307891938487 2.446749788139237 0.9929925020250278 0.7201103079441236 0.017314465429657866 -0.2749225623632946 24.765327054073325
1.3750389961169904 0.8693321180093085 0.6021616423104456 0.9536258404454198 0.8994739830676504 0.930254323185409 0.33219481073624924 0.9861586764167084 2.4287458104621784 0.9917544231101519 0.6509525143936132 -0.1138154067622903 -0.21040394689241693 52.63943916294504
0.7795741612852352 0.9309509983759232 0.8207799017291835 1.3280756296767908 0.5921717121960703 0.48543050051072856 -0.11111517026305562 0.9054475557404272 1.1598518169354608 0.9983374037420806 1.0981692944125627 -0.20751824948731923 -0.25826510523708407 3.6396439305856547
0.8246108158945313 0.8998533299709177 1.4875545154625476 1.380440226532079 0.24704021490242012 0.5370782598287909 -0.3704458895928485 1.001851482188888 0.8771543498826452 1.0239357472452915 0.7318111523890862 -0.18353642143616816 0.18494253847277325 37.95679453607456
1.0604357710827352 0.9040763059427827 1.2498366669636916 1.2260862849931966 0.5226032143540674 0.43366678461389546 0.9537322106555026 1.0196940561352101 1.208240616025356 1.0181376279522427 0.39781492371550625 -0.6039413353604229 0.28735732885118653 44.659332857497965
0.5340602666307311 0.9273173073030183 0.7830487412358589 1.1176250288471585 0.3414830552264161 0.5936207200230046 0.43729452011978287 0.9375121624873525 2.0772294153799846 1.0124325910598886 0.8922112423062492 -0.5971015946006113 -0.325285405212042 14.86954879117396
0.6539913430391042 0.8438995412158846 1.4503946681345514 1.3714379562960235 0.02012902132329966 0.28269327723848636 0.9959299718791352 0.9327028784488371 2.3642490123706565 0.9949914961867491 0.7858558759917911 -0.08863424085509497 0.05883148205302041 26.337332418757782
0.9907755569925221 0.8494560357168991 0.7937265120131812 1.1268116156542503 0.22898796153781892 0.11952431392495953 6.807342657644266E-4 0.977487769464309 2.544444024366019 0.979882909091174 0.922233474283779 -0.22292345175903427 -0.08121258570811096 42.61396411704361
1.2200031892275796 0.8110673702115994 0.582699277354488 1.1924817688497649 0.7882166281876376 0.09031800632434006 -0.023205482000692113 0.9587085871274694 1.760723897465924 1.0271408776697686 1.2069183584443812 0.1192659590212034 0.03971146811601378 15.115243793292898
1.2933786287715279 0.8391291283527568 1.1656422570910268 1.1895176335643667 0.31604637170144945 0.6080460834954924 0.24678099664941133 0.9067229743567508 1.7772262806245234 1.0137630586574828 0.8732868196578452 -0.23688818548762358 0.13594018757170817 18.572573596403583
1.2459149499794657 0.954628061398167 1.034715507321542 1.2099597454597815 0.33177106739974926 0.7665185124882834 -0.4415958264218366 0.9260896227010201 2.0505002794968767 1.0028294415138084 0.906743165283785 -0.6141212425113254 -0.016834714652103677 5.559609593510095
1.0896050589141375 0.8613858571981822 1.2653998769274806 1.214284688903823 0.5601350508072748 0.9742030271849151 0.2562677875278292 0.9817787208021793 0.9457969894003431 1.0143260194334232 0.5095881233020215 -0.46195724223038537 -0.21127827388609974 51.15030541697678
1.097686362653839 0.8467552431144956 1.3467729976277156 0.9156771211895347 0.8865463095802296 0.9418879089091123 0.9042784307424023 0.9233945882583133 1.3281764638720055 0.9768773672619132 0.8546117296291253 -0.2743450465026535 -0.11712683624836079 24.18879075159284
0.922884236202856 0.990345699301957 1.1816652283099822 1.3438965158326912 0.3548115490345785 0.705946012013865 0.8339635485536567 0.9220305707741752 1.9946767722258798 0.9894422536644936 0.7679982442027202 -0.10092456892159385 0.04907887855297843 5.2493741925350745
1.2042568556569655 0.9106923663420161 0.6886005486137423 1.3986092262862226 0.5008554571878421 0.16196119049246407 0.9124025285570494 0.9567591751541453 1.5541092193595651 1.024139334890257 0.41601841605651235 -0.5702995311149036 0.10555294164570106 25.48919695706155
1.3506441921501064 0.9890181377047104 0.8025603186480641 0.5327780238576199 0.3685500076393015 0.8270791983624183 0.12712196375461104 0.9967949557298615 2.037245615710461 1.0222153249714965 1.239201409805447 -0.6472408902336482 -0.3164258899306864 32.73248344325669
0.6003809386684203 0.9756572287429197 0.5058351135860782 0.8113223184744278 0.051997835329406494 0.420997225320539 0.14881877068293303 0.9132023322052891 2.193772416109412 1.0088854196839934 0.7564549260854512 -0.16942111583345543 0.08717225937834344 7.284798312405377
0.7425709490904188 0.9435094789625289 1.302259533561948 1.0849107339865411 0.665653021450827 0.08117083567289558 0.5308403702397402 0.9404753852042517 2.2148939806438346 1.009688520346067 1.1322931277501675 0.005677784880630088 -0.13106280404962098 31.551800914480925
0.5252493019031492 0.8772343454423706 0.7649356027725701 0.7481497321926583 0.8227539993846918 0.34357585016398756 -0.4280975029964696 0.9697139871854452 0.9568878049985474 1.0253656464902627 0.4308526427099955 -0.38188048974942246 0.3178773995325605 13.045917418106713
1.17160082514504 0.834437450020376 0.6172457026593501 0.8593751973463144 0.6706497225920571 0.8592097374080541 0.561148239576813 0.9033381343518022 2.377226559520224 0.9912041037074787 0.5339158014417835 0.07522083742273034 -0.07230565608472411 56.85947257763234
1.0089691522042803 0.9579638738411448 1.4234072470783556 0.7298148777238403 0.06510954724535717 0.9528605781853956 -0.3588448146152441 0.9247158416027181 0.9960089526390148 0.9833004421739212 1.1227547668179954 -0.3211358855858299 -0.10623441229585792 58.46793076001551
0.9865493386324452 0.9095520511327863 0.6562945377323925 1.2459824933083192 0.13455078932405137 0.8686633373450051 0.3564457827054687 1.003127596999932 2.3233900411475927 0.9884820521416379 0.7772373518971627 0.16170733349332778 -0.24212912543656445 19.138744052024986
0.7914878216899323 0.8333746511374771 0.9923762365002949 0.7611900139431533 0.9602004025016991 0.5808591941510739 -0.13342468722232437 1.0105207465772734 2.267382256752298 0.983885196299902 0.8448543874138301 -0.4232399432751969 -0.1949633578073743 32.1114504228885
0.683861111626969 0.8954541332865884 1.3149847199476685 1.0553764083177266 0.273871528845518 0.20952519498062835 0.7674060064858987 0.9041544558166904 1.0681058648490533 0.9788760830291305 0.6003679691016299 0.030213683913274836 -0.3011474547501876 38.72324765032764
1.4471695918360683 0.992272859889447 0.8669191424626823 0.5073537678399929 0.9977635539078566 0.22056661409609604 0.13252587229603707 0.9715170542490978 2.6254026779902664 1.016638835582892 0.7140559847151822 -0.25350603482151707 -0.08621428307173412 8.569971539097702
1.0486032967922068 0.9979745307984209 0.7109681721626187 1.2935026512011667 0.3771963987171183 0.7286144331315837 0.8534297202372234 0.9508789386112269 1.4458461121951371 0.9709733781802189 1.1869734495057571 -0.6256520436939439 0.006083304619690699 39.736890764895264
0.6264558768679125 0.948601071968661 1.1184469517095668 0.6983284392485498 0.43426271457332505 0.452925572764075 0.6291393105253451 0.9401612835389531 1.6588582941845682 1.0036532710173096 1.2217279524439453 -0.5368075274147472 0.20672850544832472 27.177559927658734
1.4161421652267827 0.9164741604007226 0.5286952037999199 0.6435020761586185 0.29452776451605617 0.5777076743362359 0.9799010740498555 0.9887143579187936 1.6221578613821286 0.9764376590866338 0.8143706253519203 -0.5926631691852097 -0.058449901018110983 8.109745085651198
1.128727622782288 0.9332000070761248 1.3734359433562593 0.7375766397022215 0.4490635454569442 0.49149372985759826 -0.06677647055957986 0.9711845529768816 1.8145936536682572 1.00143385107943 1.0917289556280063 -0.3282987808575674 0.007585495238047524 1.1695893742029881
0.7595061548579962 0.9006721503043507 0.9148914765474663 1.4970136976572244 0.21713522976880603 0.6399432926109323 0.9600580457619898 0.9819034477193455 1.039719393456784 0.9939208348184357 0.8026890224272281 0.1437098426706196 0.24761159979201347 9.7987699604211
0.637833334477039 0.9735225268313379 0.7481251282066952 1.2885799576878385 0.007367324609662332 0.009268606059240923 0.09522118125981671 0.9117557229259007 1.92769207524952 0.977548189498418 0.8886140255431478 0.24513315303039462 0.3287461543916785 19.228372501502527
0.5474309011552664 0.9244973162706192 1.0129809543359727 0.6694834962343124 0.20731867448756217 0.40877610535146264 0.42939630718630073 0.9995634525855096 1.4659855594794435 1.0129349491805353 0.979572207972514 -0.021212155898893248 -0.15774040759725463 46.17659694329803
0.583361262564765 0.9815894881956794 0.8952930100014156 0.9962725411780351 0.6907504216745374 0.8314431927709736 -0.038163159961171866 0.9975274318207225 1.9499370190556973 0.9749637311821714 1.0473411911789658 -0.4111908236695033 0.18376577445595005 20.833129870558803
0.9113392319960087 0.9475038290426696 0.933751454290144 1.0642873971149294 0.4130203514387945 0.9201677939502462 0.7889053219528981 0.9484628356380934 1.6394231138139475 1.0048220370758294 1.0668228531772268 -0.3633771587929057 -0.21995140849294276 11.588666648959919
0.726683825205048 0.9186187936986359 1.0559515962359214 0.7988772565468987 0.6442847136898681 0.793827192918093 0.7903254852371382 0.9303818022154309 1.1800546530600546 1.0201289066776362 0.7388978174760654 0.21037413526662063 0.09324972895952865 4.442871836344588
0.8495328042470873 0.9615181087212877 1.366779204198406 1.0195013575922052 0.5579882299173891 0.016142352899012755 0.2862807096168728 0.9023603527871572 1.964134659934944 1.0291112772396178 0.4579220273080088 -0.005429098741331129 -0.18968325432026462 59.01973614758176
1.0276282471743383 0.8289062959929718 1.357774091499607 0.5518231318096796 0.5375241166548812 0.5154534676247087 -0.1069761905776977 1.026237957714449 2.027035038870344 1.011868204054702 0.7763044117984573 0.10174604216221372 -0.14877211278780786 55.50018438165418
0.8866533289450962 0.9028504771964152 0.7206926389140763 0.8344067747860032 0.18177429674841472 0.750723177288476 -0.4142505873325416 0.9152620840649506 1.8378442115641902 0.9999768492565378 1.1801452027951422 -0.39765850886107973 0.2394056717683421 53.20152660985339
1.3931025672249482 0.9138715427519982 0.564384935482206 1.2591451358650092 0.12803962164059807 0.6471313471517526 0.22912118005038473 0.9480980959514246 1.7015969749796487 1.002122388578759 1.0300216592604556 0.18844144599339174 0.06866934640137057 36.71253486354453
1.265464380598734 0.9510704690921621 0.9503601042805014 0.715788762347194 0.17522597120438246 0.29072236177425437 -0.05073287621314526 1.024030229547689 1.5105788805019307 0.9744491905338382 0.7507153310038359 -0.0352207505335943 -0.1723624090032517 3.398748711580893
1.2109520703832755 0.9645952144051921 0.87408041310404 0.905778636128451 0.7340703137406428 0.7453963504222445 0.7106709546196188 0.9655104795830602 2.573480165604744 1.0155172311498142 0.8484217621184074 0.2228608431145077 -0.13387943188434404 30.905239444284906
0.9455210691319043 0.9205914442401345 0.83501034927148 0.7729045329314197 0.7908418955878589 0.2519470716137756 -0.2387240001698584 0.9578051081426489 1.7856770292847102 0.9865170423339286 0.9275657377943458 -0.44291142389200716 0.08413752567538452 15.738224368153764
1.134873215996702 0.8416227806453032 0.8132062498788146 0.7564366896390884 0.7257571412175685 0.6668808016870545 0.4065129910133938 1.0011326474652715 2.2808124758621107 0.9740136426859104 1.1196056733186903 0.06379127393042217 -0.09387766890352714 10.269778944220393
0.7680425593358745 0.8668256388641278 1.4929711582785619 1.0911075446045655 0.93616535502846 0.7114256841581622 0.3473600457877013 1.0147190750615331 1.3450384588227893 0.9795320511656425 0.6904581703878268 -0.49504374875338064 0.021341733456186007 48.32838746859069
0.7367978861624982 0.8862921499467372 0.9632078959265915 0.5153274252031588 0.8733179271120521 0.44916020187567024 -0.2930383195014292 0.9313276134580657 2.1165088554072238 1.0044336066899813 0.6776392153196356 -0.4868258271268916 -0.3201511943815766 33.95951487277907
0.56067533722314 0.8076316444906928 0.9255008996253168 1.3132802063736198 0.3002695016898581 0.6876879448171909 0.1744073033213568 0.963502883527758 1.3876799966787519 1.0188512601750654 0.4132790879410015 -0.24331891187619997 0.155616255886032 1.4385392256240186
0.7872859615703038 0.8963406504071075 0.7091711978006146 0.5462594773445467 0.16551634265394324 0.370651414834765 -0.38913012909088385 0.9531251850230292 1.2809836061773345 0.9857492159468277 1.005780115730733 -0.5553485368956823 -0.11905644819661376 34.986176639990084
0.698304508272976 0.8128525793519452 1.2541190140670857 0.8809918662242815 0.08989130530095296 0.27927528920550065 0.3781351738371521 0.9378810298303616 1.6807999815777037 1.0247405558071823 0.9584845262698724 0.23474823524912758 0.301720441686304 35.70522462812709
0.8990574769565433 0.850684780083941 0.9845362270656763 0.6303045605770855 0.037392447600871 0.12616482958314368 0.07789516964347243 0.9611454938205195 2.502063245571323 0.9927598510861846 1.1616140939881123 -0.5322060677980457 -0.2523868897548657 37.3817496123928
1.304024600191491 0.9663379167167396 0.5345544107336326 1.2316157498103606 0.5861065579008089 0.17538965582066765 -0.14465438371018557 0.917130568624272 2.1254032726104626 1.017445823593168 1.0764691522935157 -0.31182052827239337 -0.04553574746371558 39.28559597395155
1.0538882842612924 0.8451351747327722 1.4462441252419753 0.8014428146092224 0.23668124574042598 0.9036382213086767 0.21293896027975467 0.9008213054911186 1.5827212537642301 1.010441922117795 0.6963784073565471 0.2316522102740387 0.07653784381150813 17.7767400850539
1.482354192731063 0.9285389890065515 0.5983272221146048 1.3057420927317516 0.9249489270517285 0.19401640978423657 0.4844417367037749 0.9342077421230193 2.579462471983078 1.009405733085464 0.577257432184776 0.29170970891943726 0.2687965577443446 54.72594470720875
1.0363028595543664 0.9064465415337742 1.2007247166889028 1.4409697274527273 0.6317928838503588 0.41492929947797197 0.31291211124053175 0.964937909037124 1.3648978497917335 0.9823697274496663 0.9425989791394426 -0.4146516185474196 0.2009828435666719 41.54652020169364
0.7007031003617346 0.9993070040244119 0.6652369173855336 0.7847169774364047 0.49478739357214985 0.5455324387428799 0.2012446815128106 0.9191367145771939 1.8962884025668707 0.9988984466789101 0.5544148805899141 0.17653424667698991 -0.1783706328183798 23.708134065942268
0.8563364466014463 0.8152334278092936 0.6481374331243189 1.4181913787782345 0.01796676931938107 0.9842038823412068 0.6616827329356094 0.9900916957095842 1.0778941411031755 0.9734752817812677 0.8257532537490807 -0.06646688137364765 0.11358442587902534 14.310035101787953
0.6440565154739757 0.8228661948971553 0.5173308759667695 0.9819606153287515 0.1958208519739384 0.24768764465746357 0.7297874624662446 0.9099828161860182 2.602521251127761 1.0297371273823706 0.7035675795654353 -0.3047749950088489 -0.2466100460402062 9.120009168182182
1.344649295720112 0.8277312211099681 1.0939939857365073 1.3523381420878453 0.834819645631281 0.6797608594237391 0.6182627620798216 1.0283453753455465 1.8634044589467953 1.027745133447076 0.6568584220681737 -0.525378237061336 0.1671456685981298 11.184019465204658
1.4046479973687545 0.9404342521575463 1.2840394529355819 1.178263140927393 0.42371423645398376 0.6529401913450574 -0.32565768105296783 1.0189652236017777 1.4938494025334927 0.9870764096268926 0.5828009758066616 0.28376318394897815 -0.27731255381108194 48.63477928065942
0.9009251634186253 0.9799797506041222 1.334393929110126 0.9439993645470731 0.2891016139678065 0.31044120236064177 -0.2789201834234408 0.9924372844328424 1.5973720528645412 1.0033069844132496 1.1445785106884574 -0.5774201253897465 0.30506269312854667 2.2898032382196063
1.4931986873119183 0.8033785805221374 1.3293984438184445 1.141871686879206 0.6125116954597671 0.8067580680065678 0.6949592173765942 0.9673787434997079 0.7885519650578531 1.0230976280803312 0.6284129572505494 -0.21693029175772433 0.1601045208392896 22.720842924701767
1.2744054442059172 0.8821515052379288 1.1008864044881717 0.5237942114704636 0.657353255490976 0.03569088317732218 -0.487262392464178 0.9084582031579054 2.4038157230242034 0.987414524999026 0.9964949866674018 -0.509303166015024 0.2540892701327541 55.84395009438343
1.0717001923505416 0.9705176382296756 1.4764265025741015 1.0080702712377838 0.32678437507019953 0.040195993196473 -0.47064585590916946 0.9207079186952895 1.7186330484388836 0.9818670748793022 1.1536096757759953 -0.04373514288755098 0.2832930522138714 43.79343286546087
0.9335139553801504 0.923350424901886 0.6306833175504591 1.1594251831236382 0.4060394646058924 0.9177991921436458 0.8716708041867953 0.9462694329170693 1.734646573338027 1.021520478525735 1.2416939654871006 -0.09022320481093338 0.22005348941785235 23.310337577346978
0.8760588467574077 0.890688801909784 0.8531775994003954 0.5882419341803884 0.38547620547317923 0.3382656536637118 -0.018936646964672232 1.0130646077916148 0.9276629234194192 0.9887194381252287 0.9057889770793857 -0.054261269145707725 0.3110004740218309 50.32221450235606
0.5087120982985057 0.983026515131203 1.1423249329253686 0.5626173821149139 0.7566422185240663 0.3900414133566464 -0.16413970942957418 1.004904248292292 1.1970955115710695 0.98021908126823 0.6424530695592745 -0.43511320200131237 -0.20024966943198394 57.10635158268302
1.1061361064295137 0.8202089581040579 1.1905093586527418 1.4802284564683057 0.6807519246307863 0.88328430228709 0.5075664785184997 1.0085095363626573 0.8469750384044964 1.016976922684235 0.5108405083503165 -0.2648280587545677 -0.005710691555879666 46.747985139344024
1.3631723796984885 0.9370491260511832 1.0209949065631987 1.4035835269151231 0.5468216901685756 0.23860091435717093 0.5731982619106062 0.9439295707473246 0.8975690954981064 1.0147384457569943 0.5490417065003632 -0.27983240571998397 0.27320439191275897 49.57614560826823
0.6644913784490912 0.8243930790399862 1.0403185874150147 1.4720875334742365 0.15057751910225559 0.06117588986198173 0.8944503792631613 0.9741987246557076 1.110235342755534 0.9714753050982045 0.6675172378872142 -0.19435423020807774 0.015107202040645196 22.069726787020777
0.9714878715725853 0.9590673958904875 0.7717951632035835 0.8473348374499332 0.10360304728790468 0.6173517430791895 0.5357627837838042 1.023296745993716 2.2406234009478965 0.9974067654354277 0.835166931860063 -0.3455215685798856 0.1460342485120925 0.11031081194295464
1.1458209737578287 0.8565053884012804 1.4004585808323315 1.1631243339144763 0.6247816327154238 0.5558871275377446 -0.19736506227790246 0.95458720362637 1.2731026247732529 0.9813643588465752 0.4616324575775167 0.27213956069833156 -0.26730755074469054 17.152076564295545
0.8362324489109445 0.8787721214990577 0.6905942993356305 0.6009289760814431 0.7645021737458759 0.05116704245614813 0.3075919408153358 0.9729729491112237 1.391533182726579 1.0204212307033103 0.8708437009382574 0.17011125690890627 -0.03169724196858276 29.738237806769572
0.5541671523659337 0.8937852991353815 1.0676721210691502 0.5701093615552414 0.6050772419935032 0.07621953077554554 0.11286667155688279 0.955579593677192 1.4360605272710156 1.0011888295039328 0.6198826286378449 -0.07560561787019848 0.11083058494772385 6.168225517476706
1.1613196397504786 0.8720874292151481 1.0816491394196466 0.8678222149583985 0.8561590386267661 0.026838367638619912 0.928189734605477 0.9442435485797411 1.8468088283015964 1.000159021168461 0.481605736523289 0.04387579305682665 0.13982727099110398 6.861575302793019
0.6749432738063946 0.969548763813 0.8453111417581451 1.3620648291324904 0.7797426332756991 0.4605895063611733 0.05439076039722268 1.025676530468835 2.4631759544777463 0.9909594356926296 1.2087771125603815 -0.3924675428786906 -0.16717381298365835 50.980395346172045
1.1923005642826618 0.8628653853390384 1.070886267697948 0.9631970738890452 0.2579044827546016 0.3840184678908948 0.44788335177406147 0.993823811553481 1.5300158497704652 0.9780622948772253 0.6339816345324196 -0.12991626800167821 -0.28798961994507494 44.11666114004954
0.8020958088163539 0.9447652273487873 1.1724965201538553 0.8904153971523701 0.11339808120625604 0.6913039834069241 0.7598970793604729 0.9875553875673814 2.3070418373015427 0.996330463875444 1.014007624567455 -0.29034967609369483 -0.14269235340268072 51.69011981449641
1.3266867998416414 0.8744478220183886 1.0051389078379525 0.5951422951574625 0.46969653656402516 0.35338617082327695 0.18936187231471868 1.0135669096009037 0.8389671725296495 1.0061619230219323 0.5414367598725758 0.20371380313634502 0.12871372043433238 40.32754083794419
1.4202228567482176 0.8160692267423046 0.9014860686195939 1.0343353327507414 0.04582841680800534 0.3257969211122383 -0.2668197029716953 0.9244239470433302 1.4106447071755186 1.0267014486469073 1.0234320166958257 0.0037925289787651417 0.2613901136897256 45.32387099528004
0.5907234763691074 0.9771370282461913 1.232729076261767 1.430406208777444 0.9708361870857986 0.2600443102055843 -0.20406779118859986 0.9791795894135286 1.9884417267222863 1.021957789353223 1.058538052095008 0.05912092892996057 -0.30982332697691894 26.644927697689326
0.8661978445542666 0.9393063382809617 1.4331572512145174 0.8728048280162064 0.5123329000749488 0.10826529659773396 0.6060156131740664 0.9851884637400011 0.9042442986551188 0.9757673931755301 0.5675390005502369 -0.5529934069755582 0.03584667052700452 34.27049311152172
1.4516573620661974 0.8189410800213565 1.2203027691431778 1.1038422732257454 0.4793171985918197 0.5618173764779723 0.7304057069832841 0.9161524638655115 0.8090004078100366 0.9977035750880315 0.594130708931871 -0.4557567542384548 -0.2962145556521508 28.061821519822352
1.018758234978899 0.8593125984556851 1.1588628984678513 0.6822680185402945 0.8178997034566201 0.8172664957761423 -0.17074470994627478 1.0064045877134216 0.9816919381336288 0.9828233588637137 0.4490991713158953 0.25720919144430054 0.21744735217972694 16.545423526551147
1.2833069874736023 0.809202825914973 0.6780790638540067 0.6522816618291986 0.26725444988950925 0.14750276001470192 -0.2570155755840411 1.0216803504919139 1.9155460176742871 1.0261560641415688 0.9325793102719037 -0.027269657385815993 -0.03821396420164297 28.259312323419735
1.1131627563154274 0.9945962315793094 1.1266960351565354 1.276210216181771 0.7049576748702542 0.9956842086425527 0.058534097869569424 0.9295865920405846 2.092315714367849 1.0159949973805555 0.40053513007047 -0.49953199184315933 -0.10273209646897993 33.43024161540468
1.388032130046473 0.8315103582585858 0.755926573042909 1.456363605927855 0.5729353797127705 0.30294677227230526 0.5908381128499536 0.9501627127422694 2.4091330245341354 1.0192246909208331 0.4406812684294596 -0.1261103196940876 0.17594284344118466 42.396747929707345
0.8150499957114479 0.8539044225358187 0.9788826467258632 1.426909927538051 0.7431100909096896 0.4711033208908483 -0.09307644684141003 0.9682262356094009 2.146879844264996 0.994574294654089 1.039330531498058 0.26940059719782894 -0.06165703327980476 2.838597899269142
1.4319693718233237 0.9878128500359322 0.7357483152667862 1.077852311694606 0.9189378943833387 0.9661008388073425 0.029290460569567967 1.0166925359347088 2.342829722390939 0.9855122993670525 1.2306503502509778 0.1280898532128415 0.11922790752921247 28.846670140048133
0.5136627672339757 0.9521288899635434 0.8830095970761618 1.1336549046925586 0.1488384414563973 0.5203905706645383 0.2791811249691315 1.0294103844798546 2.217948212407202 0.9726142901643535 0.8065226452808705 -0.15182739970197706 -0.07673965650857284 59.46126035347838
0.9618348964393272 0.8553405372479744 0.9494216350645173 0.9782799588592812 0.9527290476997761 0.8770306490991359 -0.3992461943395786 0.9428467566163952 1.3031502117205052 1.011124546264751 0.9565705793278124 -0.4750045068250317 -0.02165666180771475 46.8318425634157
1.4651034548857431 0.9345247949273956 1.1355088599698695 1.0295996544112462 0.8435123220486407 0.7326361936195586 0.8490983000714092 0.9112046148825286 2.1687920234139737 0.9953383097783385 0.4927046788969227 -0.18764991149100535 0.23001369426014778 21.223521971510245
0.6111377484327516 0.8711361007410324 1.417720815797355 0.9300851767353423 0.3937609672016865 0.13456945427849978 0.6447668557124542 0.9281884716768662 1.131134053549607 0.9723770392965234 1.1066994566035002 -0.15640960014049793 -0.2247717937926369 12.573370254506798
1.3107883408641579 0.8641597545288694 1.2787746588595637 0.704110793658512 0.7166252879618932 0.7702906259546201 0.6734013224156206 0.9803972324819243 0.7660943887716897 1.008105683459156 0.6135310983176582 -0.6349768858424268 -0.011306201641041957 30.22898207590889
1.1876775917212372 0.9854560698709117 1.29596814939732 1.4614613222882973 0.8084432925063307 0.7879500713436377 -0.33598104503218135 0.935319214034495 1.573342585596901 0.9969936930775468 0.9715914398027407 0.13187740649196134 0.2367798714456803 20.004587830690564
1.4731411332191098 0.8848756935184856 1.3954542162794863 1.044959726388468 0.986520377377968 0.623699543789309 0.8101413319300419 0.9950344801671527 0.7732157475335855 1.0283997136109753 1.19179124399902 -0.3679397640934705 -0.23716857184424123 36.08609448748395
