1.000000000000000000e+00 1.000000000000000000e+00 1.000000000000000000e+00 1.000000000000000000e+00 1.000000000000000000e+00 0.000000000000000000e+00 0.000000000000000000e+00 9.907222864083909952e-01 7.877944147602492508e-01 1.005135091165830108e+00 1.176523668719682947e+00 -1.799047760476545355e-01 1.846841756605779872e-01 0.000000000000000000e+00
1.000000000000000000e+00 1.000000000000000000e+00 1.000000000000000000e+00 1.000000000000000000e+00 1.000000000000000000e+00 0.000000000000000000e+00 0.000000000000000000e+00 1.004776355379492836e+00 1.137311562921794472e+00 1.018998291326355110e+00 1.045936298171527890e+00 1.443025783926241146e-01 -8.827443384626540435e-02 0.000000000000000000e+00
1.000000000000000000e+00 1.000000000000000000e+00 1.000000000000000000e+00 1.000000000000000000e+00 1.000000000000000000e+00 0.000000000000000000e+00 0.000000000000000000e+00 9.891277655506979238e-01 8.009367751215444864e-01 9.991058068688197791e-01 1.246244068515397485e+00 1.751405258943558585e-01 -2.429575810626979915e-01 0.000000000000000000e+00
1.000000000000000000e+00 1.000000000000000000e+00 1.000000000000000000e+00 1.000000000000000000e+00 1.000000000000000000e+00 0.000000000000000000e+00 0.000000000000000000e+00 1.016042635141182648e+00 9.914564819314753974e-01 9.870705432207764751e-01 8.829610200229763839e-01 -2.904338524461679838e-01 -4.559607810671884032e-04 0.000000000000000000e+00
1.000000000000000000e+00 1.000000000000000000e+00 1.000000000000000000e+00 1.000000000000000000e+00 1.000000000000000000e+00 0.000000000000000000e+00 0.000000000000000000e+00 9.967703955487613454e-01 1.059479069720688393e+00 1.009959268483425543e+00 1.003343164016940792e+00 1.243464919378520772e-01 -1.746670180385138660e-01 0.000000000000000000e+00
1.000000000000000000e+00 1.000000000000000000e+00 1.000000000000000000e+00 1.000000000000000000e+00 1.000000000000000000e+00 0.000000000000000000e+00 0.000000000000000000e+00 1.012351707843449189e+00 1.035733415255591261e+00 9.986402879947506861e-01 8.260439428870627321e-01 3.961530914533717418e-02 -9.668135407521530333e-02 0.000000000000000000e+00
1.000000000000000000e+00 1.000000000000000000e+00 1.000000000000000000e+00 1.000000000000000000e+00 1.000000000000000000e+00 0.000000000000000000e+00 0.000000000000000000e+00 1.019589432603133838e+00 1.185900537604734462e+00 1.007432555576765809e+00 9.853428080722261839e-01 6.829126381092953668e-03 2.693512261896526261e-01 0.000000000000000000e+00
1.000000000000000000e+00 1.000000000000000000e+00 1.000000000000000000e+00 1.000000000000000000e+00 1.000000000000000000e+00 0.000000000000000000e+00 0.000000000000000000e+00 1.016901488486282368e+00 8.682151086903897586e-01 9.865766939998575902e-01 7.948771023263772051e-01 2.332265247355511106e-01 -1.437144395262104357e-01 0.000000000000000000e+00
1.000000000000000000e+00 1.000000000000000000e+00 1.000000000000000000e+00 1.000000000000000000e+00 1.000000000000000000e+00 0.000000000000000000e+00 0.000000000000000000e+00 9.917283359650784780e-01 9.335220196336895260e-01 9.886610925265164607e-01 1.188936729073568843e+00 -2.325567349669801220e-01 -1.992840306020847163e-01 0.000000000000000000e+00
1.000000000000000000e+00 1.000000000000000000e+00 1.000000000000000000e+00 1.000000000000000000e+00 1.000000000000000000e+00 0.000000000000000000e+00 0.000000000000000000e+00 1.003122376627092249e+00 7.818460564191365147e-01 1.012040677212056039e+00 9.981025593293191278e-01 2.929516337031617401e-01 -1.698169342335401344e-01 0.000000000000000000e+00
1.000000000000000000e+00 1.000000000000000000e+00 1.000000000000000000e+00 1.000000000000000000e+00 1.000000000000000000e+00 0.000000000000000000e+00 0.000000000000000000e+00 9.983627789425228993e-01 1.231529979075619341e+00 9.833223923575442615e-01 7.743418968320081586e-01 -1.951893449184275986e-01 -2.984093780027313736e-02 0.000000000000000000e+00
1.000000000000000000e+00 1.000000000000000000e+00 1.000000000000000000e+00 1.000000000000000000e+00 1.000000000000000000e+00 0.000000000000000000e+00 0.000000000000000000e+00 1.011251714603742746e+00 9.135292953083731238e-01 9.889361735840409562e-01 8.566532378133075998e-01 -2.161140343835502020e-01 -2.105242981724824713e-01 0.000000000000000000e+00
1.000000000000000000e+00 1.000000000000000000e+00 1.000000000000000000e+00 1.000000000000000000e+00 1.000000000000000000e+00 0.000000000000000000e+00 0.000000000000000000e+00 1.010037683915909312e+00 1.155843763481913644e+00 9.830491128246329202e-01 1.122792823678179230e+00 9.369717552563289198e-02 -6.921867591112529361e-02 0.000000000000000000e+00
1.000000000000000000e+00 1.000000000000000000e+00 1.000000000000000000e+00 1.000000000000000000e+00 1.000000000000000000e+00 0.000000000000000000e+00 0.000000000000000000e+00 9.857370976449232325e-01 7.627750626496943021e-01 1.003399289317276954e+00 1.076359169336497335e+00 2.622110486427176590e-01 3.308385624178189488e-02 0.000000000000000000e+00
1.000000000000000000e+00 1.000000000000000000e+00 1.000000000000000000e+00 1.000000000000000000e+00 1.000000000000000000e+00 0.000000000000000000e+00 0.000000000000000000e+00 9.948790381167849084e-01 1.084015512952259952e+00 9.954254903732154824e-01 9.662584460559578980e-01 4.636472947263869937e-02 5.686971764951792574e-02 0.000000000000000000e+00
1.000000000000000000e+00 1.000000000000000000e+00 1.000000000000000000e+00 1.000000000000000000e+00 1.000000000000000000e+00 0.000000000000000000e+00 0.000000000000000000e+00 1.013742336198700578e+00 8.477482151482982342e-01 9.848304451522378322e-01 1.231711941175362979e+00 1.240415479147016775e-02 2.435460158280089993e-01 0.000000000000000000e+00
1.000000000000000000e+00 1.000000000000000000e+00 1.000000000000000000e+00 1.000000000000000000e+00 1.000000000000000000e+00 0.000000000000000000e+00 0.000000000000000000e+00 9.963481699553182747e-01 1.194689617044412122e+00 9.971762958934672350e-01 7.981908754346500601e-01 -2.608595942673573864e-01 -7.272446300166748867e-02 0.000000000000000000e+00
1.000000000000000000e+00 1.000000000000000000e+00 1.000000000000000000e+00 1.000000000000000000e+00 1.000000000000000000e+00 0.000000000000000000e+00 0.000000000000000000e+00 9.834719665738205219e-01 9.683317687173625954e-01 9.918514786082223145e-01 8.894035706561074228e-01 2.027023199153767385e-01 -3.210285504620730146e-02 0.000000000000000000e+00
1.000000000000000000e+00 1.000000000000000000e+00 1.000000000000000000e+00 1.000000000000000000e+00 1.000000000000000000e+00 0.000000000000000000e+00 0.000000000000000000e+00 9.804880541153693230e-01 1.209429545674350681e+00 9.873632393371266636e-01 7.509881956034881734e-01 5.027132821015339870e-02 -8.794230813079229048e-03 0.000000000000000000e+00
1.000000000000000000e+00 1.000000000000000000e+00 1.000000000000000000e+00 1.000000000000000000e+00 1.000000000000000000e+00 0.000000000000000000e+00 0.000000000000000000e+00 1.012445174953450211e+00 1.247837323412959609e+00 9.995252407599301003e-01 8.478671183203536632e-01 2.704708050893411819e-02 2.567916558471269872e-01 0.000000000000000000e+00
1.000000000000000000e+00 1.000000000000000000e+00 1.000000000000000000e+00 1.000000000000000000e+00 1.000000000000000000e+00 0.000000000000000000e+00 0.000000000000000000e+00 1.016589918414488203e+00 1.060005621120575281e+00 9.958489186042667196e-01 1.065810621718915163e+00 -8.524640593667420774e-03 -1.810980763733602283e-01 0.000000000000000000e+00
1.000000000000000000e+00 1.000000000000000000e+00 1.000000000000000000e+00 1.000000000000000000e+00 1.000000000000000000e+00 0.000000000000000000e+00 0.000000000000000000e+00 1.017616392009219828e+00 1.225833788838122995e+00 9.895198168698107200e-01 8.950111471698219967e-01 2.234949604307616133e-01 8.974300455858508219e-02 0.000000000000000000e+00
1.000000000000000000e+00 1.000000000000000000e+00 1.000000000000000000e+00 1.000000000000000000e+00 1.000000000000000000e+00 0.000000000000000000e+00 0.000000000000000000e+00 1.007289929097727077e+00 8.210019929289106289e-01 1.012730103649972069e+00 9.352003557821225721e-01 -7.918766577641020432e-02 1.970987655605210276e-01 0.000000000000000000e+00
1.000000000000000000e+00 1.000000000000000000e+00 1.000000000000000000e+00 1.000000000000000000e+00 1.000000000000000000e+00 0.000000000000000000e+00 0.000000000000000000e+00 1.003388072702819267e+00 1.028037354243134915e+00 1.016134264583898883e+00 8.395848313092050264e-01 -1.394908295956652500e-01 -1.421657114506230668e-02 0.000000000000000000e+00
1.000000000000000000e+00 1.000000000000000000e+00 1.000000000000000000e+00 1.000000000000000000e+00 1.000000000000000000e+00 0.000000000000000000e+00 0.000000000000000000e+00 1.018345736957917191e+00 1.050678799936680452e+00 1.001320306450008024e+00 7.577501698057601542e-01 -3.031347404678325086e-02 2.853076291318167867e-01 0.000000000000000000e+00
1.000000000000000000e+00 1.000000000000000000e+00 1.000000000000000000e+00 1.000000000000000000e+00 1.000000000000000000e+00 0.000000000000000000e+00 0.000000000000000000e+00 1.013278902346306909e+00 8.288207523669542942e-01 1.006842244244252393e+00 8.799602059479426641e-01 3.148319845905495074e-02 1.535901288210809179e-01 0.000000000000000000e+00
1.000000000000000000e+00 1.000000000000000000e+00 1.000000000000000000e+00 1.000000000000000000e+00 1.000000000000000000e+00 0.000000000000000000e+00 0.000000000000000000e+00 1.018798582845052980e+00 1.089621784450443887e+00 1.015553050131232871e+00 1.216345190543740129e+00 -1.635861436299456129e-01 -5.555137830841250235e-02 0.000000000000000000e+00
1.000000000000000000e+00 1.000000000000000000e+00 1.000000000000000000e+00 1.000000000000000000e+00 1.000000000000000000e+00 0.000000000000000000e+00 0.000000000000000000e+00 9.866055627582036580e-01 9.357186507823315180e-01 1.002708380842227909e+00 1.042742019654347319e+00 1.905862613423048302e-01 7.402503507519209158e-02 0.000000000000000000e+00
1.000000000000000000e+00 1.000000000000000000e+00 1.000000000000000000e+00 1.000000000000000000e+00 1.000000000000000000e+00 0.000000000000000000e+00 0.000000000000000000e+00 1.007732899825495521e+00 1.071162047099866621e+00 1.000791766482649781e+00 9.774532014484983433e-01 1.821196371000813885e-01 2.478354007868965314e-01 0.000000000000000000e+00
1.000000000000000000e+00 1.000000000000000000e+00 1.000000000000000000e+00 1.000000000000000000e+00 1.000000000000000000e+00 0.000000000000000000e+00 0.000000000000000000e+00 1.014011332630776252e+00 1.175978856316705068e+00 9.961079073268360728e-01 1.147574037058048280e+00 1.433956697865456653e-01 -2.356205810944142220e-01 0.000000000000000000e+00
1.000000000000000000e+00 1.000000000000000000e+00 1.000000000000000000e+00 1.000000000000000000e+00 1.000000000000000000e+00 0.000000000000000000e+00 0.000000000000000000e+00 1.003942891843549345e+00 1.091140315546814454e+00 9.852087901271582293e-01 8.166760109713587790e-01 2.451818248606702499e-01 -9.333078156284982385e-02 0.000000000000000000e+00
1.000000000000000000e+00 1.000000000000000000e+00 1.000000000000000000e+00 1.000000000000000000e+00 1.000000000000000000e+00 0.000000000000000000e+00 0.000000000000000000e+00 9.841711251694864604e-01 1.119242257416502184e+00 1.001740222901303712e+00 9.264242975030290150e-01 -1.475928082805216257e-01 -6.543774572978533488e-02 0.000000000000000000e+00
1.000000000000000000e+00 1.000000000000000000e+00 1.000000000000000000e+00 1.000000000000000000e+00 1.000000000000000000e+00 0.000000000000000000e+00 0.000000000000000000e+00 1.002469307583149227e+00 1.042094697803879866e+00 1.002949910309036685e+00 1.144108773462961803e+00 8.268096301177829677e-02 -1.518434622539507339e-01 0.000000000000000000e+00
1.000000000000000000e+00 1.000000000000000000e+00 1.000000000000000000e+00 1.000000000000000000e+00 1.000000000000000000e+00 0.000000000000000000e+00 0.000000000000000000e+00 9.974467872404282343e-01 1.099123153039404333e+00 1.011127134282156836e+00 9.597975043822506436e-01 2.527965311844136420e-01 2.771994997390126447e-01 0.000000000000000000e+00
1.000000000000000000e+00 1.000000000000000000e+00 1.000000000000000000e+00 1.000000000000000000e+00 1.000000000000000000e+00 0.000000000000000000e+00 0.000000000000000000e+00 1.010753977944069737e+00 8.837218834862822225e-01 9.838405700603749526e-01 1.184247623417162831e+00 2.823066486377723838e-01 -2.818778643131795159e-01 0.000000000000000000e+00
1.000000000000000000e+00 1.000000000000000000e+00 1.000000000000000000e+00 1.000000000000000000e+00 1.000000000000000000e+00 0.000000000000000000e+00 0.000000000000000000e+00 1.009642894226738363e+00 9.095718738822018423e-01 9.931503020702193707e-01 8.011798119537152374e-01 5.591146451716438870e-02 -1.663122061355014336e-01 0.000000000000000000e+00
1.000000000000000000e+00 1.000000000000000000e+00 1.000000000000000000e+00 1.000000000000000000e+00 1.000000000000000000e+00 0.000000000000000000e+00 0.000000000000000000e+00 1.017369818381617774e+00 1.216921439180717268e+00 9.903089936804596594e-01 1.005235457921375808e+00 2.498102919259474475e-01 -1.295075017534375039e-01 0.000000000000000000e+00
1.000000000000000000e+00 1.000000000000000000e+00 1.000000000000000000e+00 1.000000000000000000e+00 1.000000000000000000e+00 0.000000000000000000e+00 0.000000000000000000e+00 9.933771364066691367e-01 8.590072235116978927e-01 1.005720730799574358e+00 8.433674812732970816e-01 -1.206800057422242611e-01 -8.390366597409629201e-02 0.000000000000000000e+00
1.000000000000000000e+00 1.000000000000000000e+00 1.000000000000000000e+00 1.000000000000000000e+00 1.000000000000000000e+00 0.000000000000000000e+00 0.000000000000000000e+00 9.873404102470562105e-01 1.196098387949884323e+00 9.812547508143532049e-01 1.205031573747083806e+00 -1.706514537931428099e-01 -1.182060866385878650e-01 0.000000000000000000e+00
1.000000000000000000e+00 1.000000000000000000e+00 1.000000000000000000e+00 1.000000000000000000e+00 1.000000000000000000e+00 0.000000000000000000e+00 0.000000000000000000e+00 9.955227523487231167e-01 7.673436508207305273e-01 1.005317913807704633e+00 1.014229007506734614e+00 -6.837760947483884078e-02 -2.650944704706110211e-01 0.000000000000000000e+00
1.000000000000000000e+00 1.000000000000000000e+00 1.000000000000000000e+00 1.000000000000000000e+00 1.000000000000000000e+00 0.000000000000000000e+00 0.000000000000000000e+00 9.958207423569217509e-01 1.201632685651729204e+00 9.964015724149666298e-01 9.150517150999533111e-01 2.971087918162771957e-01 2.354734827618678028e-01 0.000000000000000000e+00
1.000000000000000000e+00 1.000000000000000000e+00 1.000000000000000000e+00 1.000000000000000000e+00 1.000000000000000000e+00 0.000000000000000000e+00 0.000000000000000000e+00 1.005986021682210074e+00 1.047946620963341902e+00 9.933764546196396372e-01 9.742195218974014637e-01 -5.116256907962349332e-02 -3.846606765216464829e-02 0.000000000000000000e+00
1.000000000000000000e+00 1.000000000000000000e+00 1.000000000000000000e+00 1.000000000000000000e+00 1.000000000000000000e+00 0.000000000000000000e+00 0.000000000000000000e+00 9.836232104289484024e-01 1.221153104369954168e+00 9.883704796507470913e-01 9.033116398884628584e-01 -2.144367003002151106e-01 2.319721611793515437e-01 0.000000000000000000e+00
1.000000000000000000e+00 1.000000000000000000e+00 1.000000000000000000e+00 1.000000000000000000e+00 1.000000000000000000e+00 0.000000000000000000e+00 0.000000000000000000e+00 9.926280271659109200e-01 8.795498455589033648e-01 1.019809764928750750e+00 8.517754010096714179e-01 -1.016381017992671609e-01 7.961363305891738795e-02 0.000000000000000000e+00
1.000000000000000000e+00 1.000000000000000000e+00 1.000000000000000000e+00 1.000000000000000000e+00 1.000000000000000000e+00 0.000000000000000000e+00 0.000000000000000000e+00 1.001519603395697455e+00 8.113368916823147092e-01 1.015874734786341271e+00 1.057381635724671032e+00 2.307893206324024282e-02 7.517331348005140690e-03 0.000000000000000000e+00
1.000000000000000000e+00 1.000000000000000000e+00 1.000000000000000000e+00 1.000000000000000000e+00 1.000000000000000000e+00 0.000000000000000000e+00 0.000000000000000000e+00 1.000259428125003680e+00 1.162290777093255123e+00 9.913614024521459900e-01 7.797553145155735610e-01 -5.505680190590361844e-02 -2.702557083458007048e-01 0.000000000000000000e+00
1.000000000000000000e+00 1.000000000000000000e+00 1.000000000000000000e+00 1.000000000000000000e+00 1.000000000000000000e+00 0.000000000000000000e+00 0.000000000000000000e+00 1.008254431403709850e+00 1.122714804120649834e+00 9.898040991108965070e-01 9.496154434445691628e-01 1.378483185098317576e-01 2.109538630720742547e-01 0.000000000000000000e+00
1.000000000000000000e+00 1.000000000000000000e+00 1.000000000000000000e+00 1.000000000000000000e+00 1.000000000000000000e+00 0.000000000000000000e+00 0.000000000000000000e+00 9.970189351734639605e-01 1.141168817242900424e+00 9.947104224605629597e-01 9.537636809326932585e-01 1.310265181014532709e-01 2.630950801079938173e-01 0.000000000000000000e+00
1.000000000000000000e+00 1.000000000000000000e+00 1.000000000000000000e+00 1.000000000000000000e+00 1.000000000000000000e+00 0.000000000000000000e+00 0.000000000000000000e+00 9.851509478327175051e-01 9.163010177113009025e-01 9.847919339740026645e-01 1.112621605068355946e+00 -2.827359993836631169e-02 1.007016282553551689e-01 0.000000000000000000e+00
1.000000000000000000e+00 1.000000000000000000e+00 1.000000000000000000e+00 1.000000000000000000e+00 1.000000000000000000e+00 0.000000000000000000e+00 0.000000000000000000e+00 9.862240617724820080e-01 8.882192101808623619e-01 1.014105861094207306e+00 8.683657287820831794e-01 -2.465339603894116938e-01 1.191586673349871450e-01 0.000000000000000000e+00
1.000000000000000000e+00 1.000000000000000000e+00 1.000000000000000000e+00 1.000000000000000000e+00 1.000000000000000000e+00 0.000000000000000000e+00 0.000000000000000000e+00 1.009043036979308861e+00 1.242177327001177556e+00 1.016890564667130237e+00 7.870597158640250113e-01 -1.888820296235785290e-01 -1.924279204160745382e-01 0.000000000000000000e+00
1.000000000000000000e+00 1.000000000000000000e+00 1.000000000000000000e+00 1.000000000000000000e+00 1.000000000000000000e+00 0.000000000000000000e+00 0.000000000000000000e+00 9.896105147628255772e-01 7.761657946946302067e-01 9.904347706230534065e-01 1.162739014651944736e+00 -1.328243141710822584e-01 -2.829895458602617042e-01 0.000000000000000000e+00
1.000000000000000000e+00 1.000000000000000000e+00 1.000000000000000000e+00 1.000000000000000000e+00 1.000000000000000000e+00 0.000000000000000000e+00 0.000000000000000000e+00 9.815376472073225056e-01 1.103339816036132293e+00 1.017348877914526328e+00 1.033096993043217005e+00 1.595497323207096252e-01 1.670149958123308687e-01 0.000000000000000000e+00
1.000000000000000000e+00 1.000000000000000000e+00 1.000000000000000000e+00 1.000000000000000000e+00 1.000000000000000000e+00 0.000000000000000000e+00 0.000000000000000000e+00 9.819352054892783732e-01 9.799106641330350698e-01 9.810868019888737690e-01 1.064281991598524657e+00 -2.649726686274172516e-01 -1.981049378199140065e-02 0.000000000000000000e+00
1.000000000000000000e+00 1.000000000000000000e+00 1.000000000000000000e+00 1.000000000000000000e+00 1.000000000000000000e+00 0.000000000000000000e+00 0.000000000000000000e+00 1.000839253731324652e+00 9.296158600801620597e-01 9.801143062998436406e-01 1.213801795703594921e+00 2.706190946455066526e-01 -1.203112612005780013e-01 0.000000000000000000e+00
1.000000000000000000e+00 1.000000000000000000e+00 1.000000000000000000e+00 1.000000000000000000e+00 1.000000000000000000e+00 0.000000000000000000e+00 0.000000000000000000e+00 9.882181918802072085e-01 1.003435591695080786e+00 1.007661669383561165e+00 1.130113798874890829e+00 2.214826056827488565e-01 1.717809248974558334e-01 0.000000000000000000e+00
1.000000000000000000e+00 1.000000000000000000e+00 1.000000000000000000e+00 1.000000000000000000e+00 1.000000000000000000e+00 0.000000000000000000e+00 0.000000000000000000e+00 9.998140816237305328e-01 8.746678895563522182e-01 9.862053782602709928e-01 1.191617081963890712e+00 -7.452763307512599855e-02 -2.562865601352579681e-01 0.000000000000000000e+00
1.000000000000000000e+00 1.000000000000000000e+00 1.000000000000000000e+00 1.000000000000000000e+00 1.000000000000000000e+00 0.000000000000000000e+00 0.000000000000000000e+00 1.013098477319008817e+00 7.515654383041999731e-01 1.000109207396023603e+00 1.244766788155022841e+00 -6.352685672042288068e-02 1.106811644762523694e-01 0.000000000000000000e+00
1.000000000000000000e+00 1.000000000000000000e+00 1.000000000000000000e+00 1.000000000000000000e+00 1.000000000000000000e+00 0.000000000000000000e+00 0.000000000000000000e+00 1.005273392059458093e+00 1.068308818445621089e+00 1.004057002248890162e+00 1.072999491108907799e+00 2.692166670738931900e-01 1.299914958330878889e-01 0.000000000000000000e+00
1.000000000000000000e+00 1.000000000000000000e+00 1.000000000000000000e+00 1.000000000000000000e+00 1.000000000000000000e+00 0.000000000000000000e+00 0.000000000000000000e+00 9.879354898501072624e-01 1.154824125046475025e+00 1.013371361550498895e+00 1.099905407060929319e+00 1.088918432343175535e-01 -2.266109682943813208e-01 0.000000000000000000e+00
1.000000000000000000e+00 1.000000000000000000e+00 1.000000000000000000e+00 1.000000000000000000e+00 1.000000000000000000e+00 0.000000000000000000e+00 0.000000000000000000e+00 1.015567157773179963e+00 1.174098930408139729e+00 1.008114336911642317e+00 1.052323304122514180e+00 -2.704976643920925516e-01 2.248952967555989946e-01 0.000000000000000000e+00
1.000000000000000000e+00 1.000000000000000000e+00 1.000000000000000000e+00 1.000000000000000000e+00 1.000000000000000000e+00 0.000000000000000000e+00 0.000000000000000000e+00 9.893097711322925703e-01 1.237002982425198905e+00 1.013996936759580025e+00 9.314870487725881443e-01 7.070611156752798498e-02 1.432703784307763906e-01 0.000000000000000000e+00
1.000000000000000000e+00 1.000000000000000000e+00 1.000000000000000000e+00 1.000000000000000000e+00 1.000000000000000000e+00 0.000000000000000000e+00 0.000000000000000000e+00 9.903004621935201923e-01 1.033630049529958406e+00 9.926767733205064115e-01 1.221355638994857884e+00 -1.082082276937050003e-01 -2.629549878480407221e-01 0.000000000000000000e+00
1.000000000000000000e+00 1.000000000000000000e+00 1.000000000000000000e+00 1.000000000000000000e+00 1.000000000000000000e+00 0.000000000000000000e+00 0.000000000000000000e+00 1.006164197999592114e+00 1.112866447333024977e+00 9.978788284278865550e-01 1.021018816546069186e+00 -1.806518891147100014e-01 -2.195387045868454345e-01 0.000000000000000000e+00
1.000000000000000000e+00 1.000000000000000000e+00 1.000000000000000000e+00 1.000000000000000000e+00 1.000000000000000000e+00 0.000000000000000000e+00 0.000000000000000000e+00 1.008652528019231998e+00 1.148430958762164167e+00 1.003777260236320412e+00 1.117151219548875307e+00 6.524568030481048275e-02 1.200236370036078526e-01 0.000000000000000000e+00
1.000000000000000000e+00 1.000000000000000000e+00 1.000000000000000000e+00 1.000000000000000000e+00 1.000000000000000000e+00 0.000000000000000000e+00 0.000000000000000000e+00 1.001638738903678050e+00 1.016769193540101091e+00 9.922148428458527070e-01 8.130362518565334984e-01 7.700095908550363966e-02 2.997670094792631579e-02 0.000000000000000000e+00
1.000000000000000000e+00 1.000000000000000000e+00 1.000000000000000000e+00 1.000000000000000000e+00 1.000000000000000000e+00 0.000000000000000000e+00 0.000000000000000000e+00 1.018928634256627497e+00 9.544471680278807657e-01 1.018520627357405894e+00 1.172133309050757077e+00 -2.033188929219379715e-01 -4.925220927739659693e-02 0.000000000000000000e+00
1.000000000000000000e+00 1.000000000000000000e+00 1.000000000000000000e+00 1.000000000000000000e+00 1.000000000000000000e+00 0.000000000000000000e+00 0.000000000000000000e+00 9.829653335740707876e-01 9.440082714044290002e-01 1.019390823185961414e+00 1.092847198815249277e+00 -1.768004493218983120e-02 4.248541128501592823e-02 0.000000000000000000e+00
1.000000000000000000e+00 1.000000000000000000e+00 1.000000000000000000e+00 1.000000000000000000e+00 1.000000000000000000e+00 0.000000000000000000e+00 0.000000000000000000e+00 9.922346904079418772e-01 1.182591848374128229e+00 1.006489273823654607e+00 1.102495785793730754e+00 -4.214947544662711598e-02 -1.872525102282046605e-01 0.000000000000000000e+00
1.000000000000000000e+00 1.000000000000000000e+00 1.000000000000000000e+00 1.000000000000000000e+00 1.000000000000000000e+00 0.000000000000000000e+00 0.000000000000000000e+00 1.011604358442981244e+00 1.012208987992635478e+00 1.010093276913905491e+00 7.643224372462418259e-01 -2.390643982029912462e-01 -2.461581851163432699e-01 0.000000000000000000e+00
1.000000000000000000e+00 1.000000000000000000e+00 1.000000000000000000e+00 1.000000000000000000e+00 1.000000000000000000e+00 0.000000000000000000e+00 0.000000000000000000e+00 9.937214011037929229e-01 8.502362912135871253e-01 1.015026428616832899e+00 9.836761664524120707e-01 -2.977052046250365236e-01 -1.352218058953284230e-01 0.000000000000000000e+00
1.000000000000000000e+00 1.000000000000000000e+00 1.000000000000000000e+00 1.000000000000000000e+00 1.000000000000000000e+00 0.000000000000000000e+00 0.000000000000000000e+00 9.911546752125610649e-01 8.150142577229487761e-01 9.972649261494641593e-01 8.302839324877028249e-01 -2.260576324871069742e-01 6.756039612233227798e-02 0.000000000000000000e+00
1.000000000000000000e+00 1.000000000000000000e+00 1.000000000000000000e+00 1.000000000000000000e+00 1.000000000000000000e+00 0.000000000000000000e+00 0.000000000000000000e+00 9.808600867609978957e-01 9.648992399417043453e-01 1.009430346308086923e+00 9.202976077484417150e-01 1.719180420820357047e-01 2.965933878854241645e-01 0.000000000000000000e+00
1.000000000000000000e+00 1.000000000000000000e+00 1.000000000000000000e+00 1.000000000000000000e+00 1.000000000000000000e+00 0.000000000000000000e+00 0.000000000000000000e+00 1.002175197340519519e+00 8.433936382803951526e-01 1.010456878905194644e+00 1.235103507774514053e+00 2.784225837266067205e-01 1.871504151014540818e-01 0.000000000000000000e+00
1.000000000000000000e+00 1.000000000000000000e+00 1.000000000000000000e+00 1.000000000000000000e+00 1.000000000000000000e+00 0.000000000000000000e+00 0.000000000000000000e+00 9.887802758029088368e-01 7.982621065544258654e-01 1.002387576690273452e+00 1.136126049659040849e+00 -2.538331679802743324e-01 1.070540098120348893e-01 0.000000000000000000e+00
1.000000000000000000e+00 1.000000000000000000e+00 1.000000000000000000e+00 1.000000000000000000e+00 1.000000000000000000e+00 0.000000000000000000e+00 0.000000000000000000e+00 1.006651189213357611e+00 8.956139836780431240e-01 1.008701679845597665e+00 1.027262727083739113e+00 -2.071902470802901020e-01 5.100374874487756394e-02 0.000000000000000000e+00
1.000000000000000000e+00 1.000000000000000000e+00 1.000000000000000000e+00 1.000000000000000000e+00 1.000000000000000000e+00 0.000000000000000000e+00 0.000000000000000000e+00 9.978436697828519941e-01 8.094269036704059284e-01 9.856896260189783598e-01 9.926632309063266879e-01 2.112309899205971342e-01 2.007067072152045051e-01 0.000000000000000000e+00
1.000000000000000000e+00 1.000000000000000000e+00 1.000000000000000000e+00 1.000000000000000000e+00 1.000000000000000000e+00 0.000000000000000000e+00 0.000000000000000000e+00 1.004180329164894525e+00 8.380821791579267099e-01 1.006016784963561062e+00 1.157462013329688455e+00 -2.317914455370895244e-02 1.463045806995446063e-01 0.000000000000000000e+00
1.000000000000000000e+00 1.000000000000000000e+00 1.000000000000000000e+00 1.000000000000000000e+00 1.000000000000000000e+00 0.000000000000000000e+00 0.000000000000000000e+00 9.946648729334767181e-01 9.746563259640419474e-01 9.819141960392060442e-01 1.225918076306403481e+00 -9.327761641336132503e-02 2.081154955318114674e-01 0.000000000000000000e+00
1.000000000000000000e+00 1.000000000000000000e+00 1.000000000000000000e+00 1.000000000000000000e+00 1.000000000000000000e+00 0.000000000000000000e+00 0.000000000000000000e+00 1.000534805812148820e+00 9.861540571449080028e-01 9.908707096749588272e-01 1.039937792558543572e+00 -3.753795115638092206e-02 1.757355221455739192e-01 0.000000000000000000e+00
1.000000000000000000e+00 1.000000000000000000e+00 1.000000000000000000e+00 1.000000000000000000e+00 1.000000000000000000e+00 0.000000000000000000e+00 0.000000000000000000e+00 9.824434236500853013e-01 8.649572014738509118e-01 9.941037579180589390e-01 7.825799099172043860e-01 -3.792710946972088770e-04 2.188499752153309497e-01 0.000000000000000000e+00
1.000000000000000000e+00 1.000000000000000000e+00 1.000000000000000000e+00 1.000000000000000000e+00 1.000000000000000000e+00 0.000000000000000000e+00 0.000000000000000000e+00 1.007179076381005567e+00 9.954136632991119615e-01 1.011495052861877353e+00 8.734511808395825083e-01 -2.764562190673365283e-01 -1.451103165674188511e-01 0.000000000000000000e+00
1.000000000000000000e+00 1.000000000000000000e+00 1.000000000000000000e+00 1.000000000000000000e+00 1.000000000000000000e+00 0.000000000000000000e+00 0.000000000000000000e+00 9.940139602905746496e-01 1.009203553666635500e+00 9.936359093499526063e-01 1.202343118184224124e+00 1.648089090470475360e-01 2.243293899591031204e-02 0.000000000000000000e+00
1.000000000000000000e+00 1.000000000000000000e+00 1.000000000000000000e+00 1.000000000000000000e+00 1.000000000000000000e+00 0.000000000000000000e+00 0.000000000000000000e+00 9.985395264952837691e-01 9.842633142149369574e-01 1.014431814278966115e+00 1.128010178557570464e+00 5.949926219266710170e-03 -2.926658789997591548e-01 0.000000000000000000e+00
1.000000000000000000e+00 1.000000000000000000e+00 1.000000000000000000e+00 1.000000000000000000e+00 1.000000000000000000e+00 0.000000000000000000e+00 0.000000000000000000e+00 9.915533473401174636e-01 1.079881246408846751e+00 1.000885452479257642e+00 8.915282509435802361e-01 1.533040376827122242e-01 1.332874239478885614e-01 0.000000000000000000e+00
1.000000000000000000e+00 1.000000000000000000e+00 1.000000000000000000e+00 1.000000000000000000e+00 1.000000000000000000e+00 0.000000000000000000e+00 0.000000000000000000e+00 9.800250580009437495e-01 1.165047882698358794e+00 9.825364799404571192e-01 7.684946337249698445e-01 -1.568489468511237717e-01 -1.030785026740949906e-01 0.000000000000000000e+00
1.000000000000000000e+00 1.000000000000000000e+00 1.000000000000000000e+00 1.000000000000000000e+00 1.000000000000000000e+00 0.000000000000000000e+00 0.000000000000000000e+00 9.930011735431102382e-01 1.128699427271700584e+00 1.012865906335928434e+00 1.086757841588726237e+00 -1.068021855407603193e-01 -2.098608918609494722e-01 0.000000000000000000e+00
1.000000000000000000e+00 1.000000000000000000e+00 1.000000000000000000e+00 1.000000000000000000e+00 1.000000000000000000e+00 0.000000000000000000e+00 0.000000000000000000e+00 9.844241448659644123e-01 9.467717775574941985e-01 9.949590452998808843e-01 9.060178229895885504e-01 1.050085269094112594e-01 -1.598049761473213093e-01 0.000000000000000000e+00
1.000000000000000000e+00 1.000000000000000000e+00 1.000000000000000000e+00 1.000000000000000000e+00 1.000000000000000000e+00 0.000000000000000000e+00 0.000000000000000000e+00 1.009573270362846831e+00 9.212452088768838809e-01 9.999638242735948701e-01 1.018676925313305670e+00 -2.412202502742828436e-01 2.929655919549025156e-01 0.000000000000000000e+00
1.000000000000000000e+00 1.000000000000000000e+00 1.000000000000000000e+00 1.000000000000000000e+00 1.000000000000000000e+00 0.000000000000000000e+00 0.000000000000000000e+00 9.988041504935641912e-01 7.586911366943416279e-01 9.807770409326986849e-01 8.079297587973385264e-01 -8.485414144504446754e-02 -1.112378999507802335e-01 0.000000000000000000e+00
1.000000000000000000e+00 1.000000000000000000e+00 1.000000000000000000e+00 1.000000000000000000e+00 1.000000000000000000e+00 0.000000000000000000e+00 0.000000000000000000e+00 9.993759921792259027e-01 7.725850945547627635e-01 9.841137401296513598e-01 9.417436636100072755e-01 1.196739460696383817e-01 -4.329610098061348333e-02 0.000000000000000000e+00
1.000000000000000000e+00 1.000000000000000000e+00 1.000000000000000000e+00 1.000000000000000000e+00 1.000000000000000000e+00 0.000000000000000000e+00 0.000000000000000000e+00 9.820355247779106733e-01 7.915115220298104548e-01 1.011896992618652957e+00 9.127691785265512614e-01 -2.858120298727291897e-01 1.375234872286856813e-02 0.000000000000000000e+00
1.000000000000000000e+00 1.000000000000000000e+00 1.000000000000000000e+00 1.000000000000000000e+00 1.000000000000000000e+00 0.000000000000000000e+00 0.000000000000000000e+00 9.854359675493635784e-01 1.024174566338223125e+00 1.004601429315063132e+00 8.638805634846409287e-01 1.976603367831595848e-01 9.586033714242014891e-02 0.000000000000000000e+00
1.000000000000000000e+00 1.000000000000000000e+00 1.000000000000000000e+00 1.000000000000000000e+00 1.000000000000000000e+00 0.000000000000000000e+00 0.000000000000000000e+00 1.014766902379252267e+00 9.043434639367149419e-01 1.016637633809371888e+00 1.166537314888112853e+00 2.350772514941331104e-01 -2.291625370439955012e-01 0.000000000000000000e+00
1.000000000000000000e+00 1.000000000000000000e+00 1.000000000000000000e+00 1.000000000000000000e+00 1.000000000000000000e+00 0.000000000000000000e+00 0.000000000000000000e+00 1.005073234134068016e+00 1.132949597645517503e+00 9.980933782992392755e-01 1.196558615418672922e+00 -1.538886939077748206e-01 3.444242324890545159e-03 0.000000000000000000e+00
1.000000000000000000e+00 1.000000000000000000e+00 1.000000000000000000e+00 1.000000000000000000e+00 1.000000000000000000e+00 0.000000000000000000e+00 0.000000000000000000e+00 1.010820659878584715e+00 8.338324728240616990e-01 1.008882112666726671e+00 1.109783931506477916e+00 9.734740557865251276e-02 6.088558353433115578e-02 0.000000000000000000e+00
1.000000000000000000e+00 1.000000000000000000e+00 1.000000000000000000e+00 1.000000000000000000e+00 1.000000000000000000e+00 0.000000000000000000e+00 0.000000000000000000e+00 1.019644204228161266e+00 1.108605537397567842e+00 9.820871899601166799e-01 1.150590574948853417e+00 2.089950099073443757e-01 -2.963724171007924291e-01 0.000000000000000000e+00
1.000000000000000000e+00 1.000000000000000000e+00 1.000000000000000000e+00 1.000000000000000000e+00 1.000000000000000000e+00 0.000000000000000000e+00 0.000000000000000000e+00 9.870632414559080692e-01 9.578394395431759634e-01 1.017721255857426677e+00 9.613886897769464701e-01 -1.193881215491346126e-01 2.742895789148731001e-01 0.000000000000000000e+00
1.000000000000000000e+00 1.000000000000000000e+00 1.000000000000000000e+00 1.000000000000000000e+00 1.000000000000000000e+00 0.000000000000000000e+00 0.000000000000000000e+00 1.015174406239338190e+00 8.906770708395078673e-01 9.879890051661542882e-01 8.209009530361606188e-01 -1.305170410735285724e-01 1.595422080952817456e-01 0.000000000000000000e+00
1.000000000000000000e+00 1.000000000000000000e+00 1.000000000000000000e+00 1.000000000000000000e+00 1.000000000000000000e+00 0.000000000000000000e+00 0.000000000000000000e+00 1.015965637692693990e+00 1.210492234700205616e+00 1.018399994265019481e+00 1.080058622505676080e+00 8.977898708194886890e-02 4.126290110145619527e-02 0.000000000000000000e+00
