1.000000000000000000e+00 1.000000000000000000e+00 1.000000000000000000e+00 1.000000000000000000e+00 1.000000000000000000e+00 0.000000000000000000e+00 0.000000000000000000e+00 1.002122885843086619e+00 9.010003741611114503e-01 1.001517770544199104e+00 8.686616969156927270e-01 2.810353090584383762e-01 -1.503623275462340758e-01 0.000000000000000000e+00
1.000000000000000000e+00 1.000000000000000000e+00 1.000000000000000000e+00 1.000000000000000000e+00 1.000000000000000000e+00 0.000000000000000000e+00 0.000000000000000000e+00 1.005138416561641934e+00 1.041851581117782866e+00 1.018373870552576888e+00 8.528331493755745285e-01 9.166785331406390736e-02 1.423571335894326939e-01 0.000000000000000000e+00
1.000000000000000000e+00 1.000000000000000000e+00 1.000000000000000000e+00 1.000000000000000000e+00 1.000000000000000000e+00 0.000000000000000000e+00 0.000000000000000000e+00 9.805206160048930419e-01 1.243638715948969242e+00 9.913922042689146119e-01 7.861748634523125778e-01 2.290697379435609471e-01 -2.585291601187600374e-01 0.000000000000000000e+00
1.000000000000000000e+00 1.000000000000000000e+00 1.000000000000000000e+00 1.000000000000000000e+00 1.000000000000000000e+00 0.000000000000000000e+00 0.000000000000000000e+00 1.007920903886952990e+00 1.076781409436706749e+00 9.884962179909302371e-01 9.474294651851448146e-01 -2.095986370028580514e-01 2.551378101922927022e-01 0.000000000000000000e+00
1.000000000000000000e+00 1.000000000000000000e+00 1.000000000000000000e+00 1.000000000000000000e+00 1.000000000000000000e+00 0.000000000000000000e+00 0.000000000000000000e+00 1.006372242849333798e+00 7.804452647156353562e-01 1.011559671058002818e+00 8.938489991456592954e-01 1.696752637479787551e-01 -1.555109103603350973e-01 0.000000000000000000e+00
1.000000000000000000e+00 1.000000000000000000e+00 1.000000000000000000e+00 1.000000000000000000e+00 1.000000000000000000e+00 0.000000000000000000e+00 0.000000000000000000e+00 9.848299398956857909e-01 9.637030614129482586e-01 1.016969470183620050e+00 1.002818389513074671e+00 -8.572870123600576098e-02 2.918227769322881415e-01 0.000000000000000000e+00
1.000000000000000000e+00 1.000000000000000000e+00 1.000000000000000000e+00 1.000000000000000000e+00 1.000000000000000000e+00 0.000000000000000000e+00 0.000000000000000000e+00 1.001341481197484784e+00 7.745308067712872724e-01 9.825970555381801086e-01 9.637932568727222149e-01 4.612060228530168171e-02 1.866633867361133792e-01 0.000000000000000000e+00
1.000000000000000000e+00 1.000000000000000000e+00 1.000000000000000000e+00 1.000000000000000000e+00 1.000000000000000000e+00 0.000000000000000000e+00 0.000000000000000000e+00 1.014014448847215366e+00 9.058065502237254707e-01 9.864195510245553633e-01 1.106976313030140879e+00 2.913800289942826693e-01 2.254589319679141668e-01 0.000000000000000000e+00
1.000000000000000000e+00 1.000000000000000000e+00 1.000000000000000000e+00 1.000000000000000000e+00 1.000000000000000000e+00 0.000000000000000000e+00 0.000000000000000000e+00 1.002622384907839281e+00 1.024077542204938851e+00 1.006414222912572765e+00 1.218389327928063315e+00 -4.316848704873876841e-02 1.600480046399622713e-01 0.000000000000000000e+00
1.000000000000000000e+00 1.000000000000000000e+00 1.000000000000000000e+00 1.000000000000000000e+00 1.000000000000000000e+00 0.000000000000000000e+00 0.000000000000000000e+00 9.817151057758323196e-01 9.435791679973455359e-01 9.839899351772820602e-01 8.574343546065983368e-01 7.689813751399177111e-02 1.691845152803575503e-01 0.000000000000000000e+00
1.000000000000000000e+00 1.000000000000000000e+00 1.000000000000000000e+00 1.000000000000000000e+00 1.000000000000000000e+00 0.000000000000000000e+00 0.000000000000000000e+00 1.002587510140074967e+00 7.679617660271548241e-01 9.932293814481645278e-01 9.004919496331482698e-01 6.327428982948024583e-03 1.662664176275852057e-02 0.000000000000000000e+00
1.000000000000000000e+00 1.000000000000000000e+00 1.000000000000000000e+00 1.000000000000000000e+00 1.000000000000000000e+00 0.000000000000000000e+00 0.000000000000000000e+00 9.990418005980088445e-01 7.612327271361749581e-01 1.012480312056926790e+00 1.073856636922694729e+00 -1.755954790367224017e-01 -1.100838093421308839e-01 0.000000000000000000e+00
1.000000000000000000e+00 1.000000000000000000e+00 1.000000000000000000e+00 1.000000000000000000e+00 1.000000000000000000e+00 0.000000000000000000e+00 0.000000000000000000e+00 1.000176140883226372e+00 1.216133714301396163e+00 9.857409886217898265e-01 8.797999987546013534e-01 -1.156951171872819262e-01 -2.364700436633636604e-01 0.000000000000000000e+00
1.000000000000000000e+00 1.000000000000000000e+00 1.000000000000000000e+00 1.000000000000000000e+00 1.000000000000000000e+00 0.000000000000000000e+00 0.000000000000000000e+00 9.959594487084244552e-01 1.225869754031637671e+00 1.007202469767129571e+00 1.198940718134841710e+00 2.888148277385417795e-01 -2.006406667027565982e-02 0.000000000000000000e+00
1.000000000000000000e+00 1.000000000000000000e+00 1.000000000000000000e+00 1.000000000000000000e+00 1.000000000000000000e+00 0.000000000000000000e+00 0.000000000000000000e+00 1.004595941692681071e+00 9.249655127203517679e-01 9.985243308075888446e-01 1.133655413809747881e+00 -1.553624885349451090e-01 -2.996365060206839237e-01 0.000000000000000000e+00
1.000000000000000000e+00 1.000000000000000000e+00 1.000000000000000000e+00 1.000000000000000000e+00 1.000000000000000000e+00 0.000000000000000000e+00 0.000000000000000000e+00 9.932284850831780698e-01 8.475098968387392295e-01 9.836861847049265251e-01 8.877699386499207090e-01 1.825501249194937947e-01 -1.016253316945453511e-02 0.000000000000000000e+00
1.000000000000000000e+00 1.000000000000000000e+00 1.000000000000000000e+00 1.000000000000000000e+00 1.000000000000000000e+00 0.000000000000000000e+00 0.000000000000000000e+00 1.007704189623602753e+00 1.048806566417718633e+00 1.015555961401105156e+00 8.072781082590742008e-01 2.649050828500781885e-02 2.735927655042765250e-01 0.000000000000000000e+00
1.000000000000000000e+00 1.000000000000000000e+00 1.000000000000000000e+00 1.000000000000000000e+00 1.000000000000000000e+00 0.000000000000000000e+00 0.000000000000000000e+00 1.018856459853014318e+00 1.158156955947940547e+00 9.819789660027070655e-01 1.148263461702260457e+00 -1.390493747478936115e-01 -4.731858292904828067e-02 0.000000000000000000e+00
1.000000000000000000e+00 1.000000000000000000e+00 1.000000000000000000e+00 1.000000000000000000e+00 1.000000000000000000e+00 0.000000000000000000e+00 0.000000000000000000e+00 9.874862633699963421e-01 1.043287512647748105e+00 9.989328428155920259e-01 1.225843816177082601e+00 2.565735394812658776e-01 5.479938347678509070e-02 0.000000000000000000e+00
1.000000000000000000e+00 1.000000000000000000e+00 1.000000000000000000e+00 1.000000000000000000e+00 1.000000000000000000e+00 0.000000000000000000e+00 0.000000000000000000e+00 1.016531444957753827e+00 1.152761934212952699e+00 1.019761313232028233e+00 1.014626198115525568e+00 5.068371853195224874e-02 1.125152189479927678e-02 0.000000000000000000e+00
1.000000000000000000e+00 1.000000000000000000e+00 1.000000000000000000e+00 1.000000000000000000e+00 1.000000000000000000e+00 0.000000000000000000e+00 0.000000000000000000e+00 9.915673279923890027e-01 1.089582218113608114e+00 9.958658918335279164e-01 1.247143491178573704e+00 -1.179758812514993538e-01 -2.171670654222009889e-01 0.000000000000000000e+00
1.000000000000000000e+00 1.000000000000000000e+00 1.000000000000000000e+00 1.000000000000000000e+00 1.000000000000000000e+00 0.000000000000000000e+00 0.000000000000000000e+00 1.000482804453455055e+00 1.231771808994747586e+00 9.875642829504760467e-01 7.921233240644662832e-01 1.007003516327470427e-02 -2.833544137943363461e-01 0.000000000000000000e+00
1.000000000000000000e+00 1.000000000000000000e+00 1.000000000000000000e+00 1.000000000000000000e+00 1.000000000000000000e+00 0.000000000000000000e+00 0.000000000000000000e+00 1.018137918351852633e+00 9.398489941363049605e-01 1.002039517065188567e+00 1.236395301068542230e+00 -2.659940486201502474e-01 1.565899400342570802e-01 0.000000000000000000e+00
1.000000000000000000e+00 1.000000000000000000e+00 1.000000000000000000e+00 1.000000000000000000e+00 1.000000000000000000e+00 0.000000000000000000e+00 0.000000000000000000e+00 1.013577284422566116e+00 7.670859596926110635e-01 1.000883709442847325e+00 9.858654252999510259e-01 -1.842034319504856077e-01 1.529601665478996786e-01 0.000000000000000000e+00
1.000000000000000000e+00 1.000000000000000000e+00 1.000000000000000000e+00 1.000000000000000000e+00 1.000000000000000000e+00 0.000000000000000000e+00 0.000000000000000000e+00 9.800145885619790942e-01 7.901589853786384898e-01 1.018938915959710201e+00 9.551949633041446619e-01 -7.341786483270645869e-02 6.651103979656158849e-02 0.000000000000000000e+00
1.000000000000000000e+00 1.000000000000000000e+00 1.000000000000000000e+00 1.000000000000000000e+00 1.000000000000000000e+00 0.000000000000000000e+00 0.000000000000000000e+00 9.956165817088766801e-01 1.149993511430198678e+00 1.015028232059907998e+00 1.068048541969012888e+00 3.272210933898800356e-02 -1.063069076900889642e-01 0.000000000000000000e+00
1.000000000000000000e+00 1.000000000000000000e+00 1.000000000000000000e+00 1.000000000000000000e+00 1.000000000000000000e+00 0.000000000000000000e+00 0.000000000000000000e+00 9.999728413745466726e-01 7.528121232749787062e-01 1.013404929672575561e+00 1.084701228554951991e+00 1.103609857710186604e-01 -1.630479357072304736e-01 0.000000000000000000e+00
1.000000000000000000e+00 1.000000000000000000e+00 1.000000000000000000e+00 1.000000000000000000e+00 1.000000000000000000e+00 0.000000000000000000e+00 0.000000000000000000e+00 9.921773295033214923e-01 7.560491914803886271e-01 9.869553374381159205e-01 1.196563577940434664e+00 2.355061504084920987e-02 -2.149891379270537084e-01 0.000000000000000000e+00
1.000000000000000000e+00 1.000000000000000000e+00 1.000000000000000000e+00 1.000000000000000000e+00 1.000000000000000000e+00 0.000000000000000000e+00 0.000000000000000000e+00 1.010933831107348801e+00 1.221271355900662048e+00 1.019428586563272177e+00 1.020643224384944148e+00 1.429182390742973485e-01 -2.250488144479423358e-03 0.000000000000000000e+00
1.000000000000000000e+00 1.000000000000000000e+00 1.000000000000000000e+00 1.000000000000000000e+00 1.000000000000000000e+00 0.000000000000000000e+00 0.000000000000000000e+00 1.003791265519164755e+00 1.050741506235323364e+00 9.898131412919854988e-01 1.154032064466013585e+00 -1.323700725053643112e-01 1.098435310571252432e-01 0.000000000000000000e+00
1.000000000000000000e+00 1.000000000000000000e+00 1.000000000000000000e+00 1.000000000000000000e+00 1.000000000000000000e+00 0.000000000000000000e+00 0.000000000000000000e+00 1.017616570894032124e+00 1.235644584035097582e+00 1.007631096122914460e+00 9.520066630325512147e-01 -2.787833880534615338e-01 -2.472886374380234842e-01 0.000000000000000000e+00
1.000000000000000000e+00 1.000000000000000000e+00 1.000000000000000000e+00 1.000000000000000000e+00 1.000000000000000000e+00 0.000000000000000000e+00 0.000000000000000000e+00 9.953919686489699492e-01 8.555753531920223809e-01 1.018506723864858632e+00 1.223105478831652437e+00 -1.379610639259504223e-02 4.866021382601470879e-02 0.000000000000000000e+00
1.000000000000000000e+00 1.000000000000000000e+00 1.000000000000000000e+00 1.000000000000000000e+00 1.000000000000000000e+00 0.000000000000000000e+00 0.000000000000000000e+00 1.006963102593502635e+00 1.141714956500193834e+00 1.013238322412254533e+00 1.156453515584241032e+00 -2.566977718167988698e-01 -1.654833403470001851e-02 0.000000000000000000e+00
1.000000000000000000e+00 1.000000000000000000e+00 1.000000000000000000e+00 1.000000000000000000e+00 1.000000000000000000e+00 0.000000000000000000e+00 0.000000000000000000e+00 9.867334048460119078e-01 8.535091723257659524e-01 9.956477270560418757e-01 8.077274524324562499e-01 1.357719097807784658e-01 -1.395901243041197115e-01 0.000000000000000000e+00
1.000000000000000000e+00 1.000000000000000000e+00 1.000000000000000000e+00 1.000000000000000000e+00 1.000000000000000000e+00 0.000000000000000000e+00 0.000000000000000000e+00 9.927119915093109981e-01 1.171657663737349475e+00 1.010765179899878019e+00 8.157731127832035245e-01 2.544648088105560535e-01 8.959869677982607028e-02 0.000000000000000000e+00
1.000000000000000000e+00 1.000000000000000000e+00 1.000000000000000000e+00 1.000000000000000000e+00 1.000000000000000000e+00 0.000000000000000000e+00 0.000000000000000000e+00 9.883122969871296348e-01 1.039458145506591880e+00 1.016008935585512418e+00 7.736331677455167144e-01 -2.148552179719093180e-02 -2.229460325527007347e-01 0.000000000000000000e+00
1.000000000000000000e+00 1.000000000000000000e+00 1.000000000000000000e+00 1.000000000000000000e+00 1.000000000000000000e+00 0.000000000000000000e+00 0.000000000000000000e+00 1.016811776032656933e+00 8.985708003883591255e-01 9.890352191491175171e-01 9.132437568056721577e-01 -9.995656665945928943e-04 -1.375397087364638726e-01 0.000000000000000000e+00
1.000000000000000000e+00 1.000000000000000000e+00 1.000000000000000000e+00 1.000000000000000000e+00 1.000000000000000000e+00 0.000000000000000000e+00 0.000000000000000000e+00 9.828559692135928616e-01 9.215050702407365790e-01 1.005398638634769526e+00 1.097775687762817309e+00 1.019698146804063343e-01 -1.497867283609119748e-01 0.000000000000000000e+00
1.000000000000000000e+00 1.000000000000000000e+00 1.000000000000000000e+00 1.000000000000000000e+00 1.000000000000000000e+00 0.000000000000000000e+00 0.000000000000000000e+00 1.005477957637471942e+00 1.155600658586066309e+00 1.007802625783677408e+00 9.226891061422524132e-01 -1.027072477406071882e-01 7.513922047765170253e-02 0.000000000000000000e+00
1.000000000000000000e+00 1.000000000000000000e+00 1.000000000000000000e+00 1.000000000000000000e+00 1.000000000000000000e+00 0.000000000000000000e+00 0.000000000000000000e+00 1.011549612323563441e+00 9.564847029019607483e-01 1.011079277403127863e+00 1.188130216429507557e+00 -2.823752085260013422e-01 -5.766325271315375645e-03 0.000000000000000000e+00
1.000000000000000000e+00 1.000000000000000000e+00 1.000000000000000000e+00 1.000000000000000000e+00 1.000000000000000000e+00 0.000000000000000000e+00 0.000000000000000000e+00 1.005996324854419699e+00 1.173444880449157735e+00 9.808203216625496212e-01 1.138989771849665100e+00 -1.081947632058466446e-02 1.025763951184401890e-01 0.000000000000000000e+00
1.000000000000000000e+00 1.000000000000000000e+00 1.000000000000000000e+00 1.000000000000000000e+00 1.000000000000000000e+00 0.000000000000000000e+00 0.000000000000000000e+00 1.009977126892647181e+00 1.241247991039159615e+00 9.961181528589944101e-01 9.213205751374110575e-01 1.451156725756259092e-01 -2.676081104311226477e-01 0.000000000000000000e+00
1.000000000000000000e+00 1.000000000000000000e+00 1.000000000000000000e+00 1.000000000000000000e+00 1.000000000000000000e+00 0.000000000000000000e+00 0.000000000000000000e+00 1.010166057860073074e+00 1.130556345599943002e+00 1.003977233234734978e+00 7.636189371780146562e-01 2.400408924451783998e-01 1.394717958428212112e-01 0.000000000000000000e+00
1.000000000000000000e+00 1.000000000000000000e+00 1.000000000000000000e+00 1.000000000000000000e+00 1.000000000000000000e+00 0.000000000000000000e+00 0.000000000000000000e+00 1.005737057940295109e+00 1.116885780463417133e+00 1.002231514287837078e+00 9.893472310302333650e-01 1.170681113495181114e-01 4.263073298755626350e-02 0.000000000000000000e+00
1.000000000000000000e+00 1.000000000000000000e+00 1.000000000000000000e+00 1.000000000000000000e+00 1.000000000000000000e+00 0.000000000000000000e+00 0.000000000000000000e+00 1.004203558393398144e+00 1.105298473626172839e+00 9.887568516436509025e-01 7.969989374319352837e-01 -1.993243874995855869e-01 1.734428427612173529e-01 0.000000000000000000e+00
1.000000000000000000e+00 1.000000000000000000e+00 1.000000000000000000e+00 1.000000000000000000e+00 1.000000000000000000e+00 0.000000000000000000e+00 0.000000000000000000e+00 9.893321839376970628e-01 8.152626826104600877e-01 9.943643515576341407e-01 9.156967976631849027e-01 -1.915694936047374064e-01 -1.248426529681731234e-01 0.000000000000000000e+00
1.000000000000000000e+00 1.000000000000000000e+00 1.000000000000000000e+00 1.000000000000000000e+00 1.000000000000000000e+00 0.000000000000000000e+00 0.000000000000000000e+00 9.832503227342794805e-01 8.265373392545860565e-01 1.017057188027923997e+00 8.402931059149478799e-01 1.723641215434357221e-01 2.409441965621466619e-01 0.000000000000000000e+00
1.000000000000000000e+00 1.000000000000000000e+00 1.000000000000000000e+00 1.000000000000000000e+00 1.000000000000000000e+00 0.000000000000000000e+00 0.000000000000000000e+00 1.008174566318169374e+00 9.506408698204172891e-01 1.011279898522641663e+00 1.023333535197243460e+00 -5.260566379383377345e-02 -9.827714086759745116e-02 0.000000000000000000e+00
1.000000000000000000e+00 1.000000000000000000e+00 1.000000000000000000e+00 1.000000000000000000e+00 1.000000000000000000e+00 0.000000000000000000e+00 0.000000000000000000e+00 9.811887007360432511e-01 8.356429706266410573e-01 9.870089654417836256e-01 1.036497087516639048e+00 7.800373643875591068e-02 9.382410210024955122e-02 0.000000000000000000e+00
1.000000000000000000e+00 1.000000000000000000e+00 1.000000000000000000e+00 1.000000000000000000e+00 1.000000000000000000e+00 0.000000000000000000e+00 0.000000000000000000e+00 9.870844294262468566e-01 9.199885030359366000e-01 9.881465429953658619e-01 1.243611029639268617e+00 -8.772571814125437739e-02 2.836986696446131551e-01 0.000000000000000000e+00
1.000000000000000000e+00 1.000000000000000000e+00 1.000000000000000000e+00 1.000000000000000000e+00 1.000000000000000000e+00 0.000000000000000000e+00 0.000000000000000000e+00 9.937009033259462942e-01 9.089957210377030972e-01 9.947423571249213170e-01 1.119638833186541893e+00 -1.018823937445443861e-01 5.856496640351599448e-02 0.000000000000000000e+00
1.000000000000000000e+00 1.000000000000000000e+00 1.000000000000000000e+00 1.000000000000000000e+00 1.000000000000000000e+00 0.000000000000000000e+00 0.000000000000000000e+00 9.826191354239200981e-01 9.482708811407760674e-01 1.015805644169291311e+00 8.864213455175771195e-01 2.487816350615525418e-01 1.496095441765989964e-01 0.000000000000000000e+00
1.000000000000000000e+00 1.000000000000000000e+00 1.000000000000000000e+00 1.000000000000000000e+00 1.000000000000000000e+00 0.000000000000000000e+00 0.000000000000000000e+00 1.017267725768868702e+00 1.208805838116951969e+00 1.012606045981310876e+00 8.103849877703236393e-01 -2.425279657802720534e-01 2.162954003479048981e-01 0.000000000000000000e+00
1.000000000000000000e+00 1.000000000000000000e+00 1.000000000000000000e+00 1.000000000000000000e+00 1.000000000000000000e+00 0.000000000000000000e+00 0.000000000000000000e+00 1.019879447562683561e+00 1.207357093035200890e+00 1.017576209474403415e+00 9.411933786649449019e-01 1.764311618071213728e-01 -5.088173551012750706e-02 0.000000000000000000e+00
1.000000000000000000e+00 1.000000000000000000e+00 1.000000000000000000e+00 1.000000000000000000e+00 1.000000000000000000e+00 0.000000000000000000e+00 0.000000000000000000e+00 1.016059704062857616e+00 1.069341300955347407e+00 9.813802780883182919e-01 8.241614899030200725e-01 2.459279616418634240e-01 -2.610769102806481667e-02 0.000000000000000000e+00
1.000000000000000000e+00 1.000000000000000000e+00 1.000000000000000000e+00 1.000000000000000000e+00 1.000000000000000000e+00 0.000000000000000000e+00 0.000000000000000000e+00 1.013250970332156609e+00 9.474942209307659624e-01 9.846051603449288425e-01 1.249519964125037186e+00 -2.418993215041082001e-02 5.295669779819078826e-02 0.000000000000000000e+00
1.000000000000000000e+00 1.000000000000000000e+00 1.000000000000000000e+00 1.000000000000000000e+00 1.000000000000000000e+00 0.000000000000000000e+00 0.000000000000000000e+00 9.873277741533011964e-01 9.817886513072081600e-01 1.013799118165900293e+00 9.531731205515837635e-01 1.390778886400786396e-01 1.345919957476396367e-01 0.000000000000000000e+00
1.000000000000000000e+00 1.000000000000000000e+00 1.000000000000000000e+00 1.000000000000000000e+00 1.000000000000000000e+00 0.000000000000000000e+00 0.000000000000000000e+00 1.001169577106930886e+00 9.025549496761280377e-01 1.004805828915723120e+00 9.819273027098875950e-01 2.823944291071403545e-01 -1.008084305605602971e-01 0.000000000000000000e+00
1.000000000000000000e+00 1.000000000000000000e+00 1.000000000000000000e+00 1.000000000000000000e+00 1.000000000000000000e+00 0.000000000000000000e+00 0.000000000000000000e+00 9.906157069533616522e-01 9.737556225545300759e-01 9.859258246197071252e-01 9.264154100089561084e-01 -2.582344344989903617e-01 2.501858861167335912e-01 0.000000000000000000e+00
1.000000000000000000e+00 1.000000000000000000e+00 1.000000000000000000e+00 1.000000000000000000e+00 1.000000000000000000e+00 0.000000000000000000e+00 0.000000000000000000e+00 9.971747800236272496e-01 1.079878766319996020e+00 9.802107429013641182e-01 8.507532454694027857e-01 -2.921569096541685173e-01 -1.305140423785029480e-01 0.000000000000000000e+00
1.000000000000000000e+00 1.000000000000000000e+00 1.000000000000000000e+00 1.000000000000000000e+00 1.000000000000000000e+00 0.000000000000000000e+00 0.000000000000000000e+00 9.993939777795911583e-01 1.136803007863003145e+00 1.003234857660840751e+00 1.152488862828149330e+00 1.111763882178768981e-01 -1.581118959236751387e-01 0.000000000000000000e+00
1.000000000000000000e+00 1.000000000000000000e+00 1.000000000000000000e+00 1.000000000000000000e+00 1.000000000000000000e+00 0.000000000000000000e+00 0.000000000000000000e+00 1.011757982781734011e+00 1.117664272155175942e+00 1.015288328658249029e+00 1.103953828139281335e+00 1.624316906722205744e-01 -1.605060851479677975e-01 0.000000000000000000e+00
1.000000000000000000e+00 1.000000000000000000e+00 1.000000000000000000e+00 1.000000000000000000e+00 1.000000000000000000e+00 0.000000000000000000e+00 0.000000000000000000e+00 9.869596601271992675e-01 1.239818415492135006e+00 9.994063832454394003e-01 9.071146377409173844e-01 -8.122185321176023098e-02 -5.499319989507345241e-02 0.000000000000000000e+00
1.000000000000000000e+00 1.000000000000000000e+00 1.000000000000000000e+00 1.000000000000000000e+00 1.000000000000000000e+00 0.000000000000000000e+00 0.000000000000000000e+00 1.011106483059562411e+00 8.034685712383664580e-01 9.811527016851407934e-01 9.380810927095579732e-01 1.859025393889002231e-02 -7.048226605012530843e-03 0.000000000000000000e+00
1.000000000000000000e+00 1.000000000000000000e+00 1.000000000000000000e+00 1.000000000000000000e+00 1.000000000000000000e+00 0.000000000000000000e+00 0.000000000000000000e+00 1.015318225072753933e+00 9.530277476155772920e-01 1.019902919075947434e+00 1.090349379391322149e+00 1.683401247181914862e-02 1.135503116114560673e-01 0.000000000000000000e+00
1.000000000000000000e+00 1.000000000000000000e+00 1.000000000000000000e+00 1.000000000000000000e+00 1.000000000000000000e+00 0.000000000000000000e+00 0.000000000000000000e+00 9.929473223406459770e-01 9.660763451175954364e-01 9.991662655591132536e-01 9.724396092750624554e-01 -2.719248794052253615e-02 -2.209343709487052720e-01 0.000000000000000000e+00
1.000000000000000000e+00 1.000000000000000000e+00 1.000000000000000000e+00 1.000000000000000000e+00 1.000000000000000000e+00 0.000000000000000000e+00 0.000000000000000000e+00 9.980499401527855863e-01 1.197953299958628648e+00 9.894625085107638940e-01 1.043715063999726800e+00 -3.591287856547026314e-02 1.254511322997167166e-01 0.000000000000000000e+00
1.000000000000000000e+00 1.000000000000000000e+00 1.000000000000000000e+00 1.000000000000000000e+00 1.000000000000000000e+00 0.000000000000000000e+00 0.000000000000000000e+00 1.008286454043664904e+00 8.130245481023909981e-01 9.842040899465868131e-01 7.522858354381771750e-01 -2.317032907695470711e-01 9.857614263908232033e-02 0.000000000000000000e+00
1.000000000000000000e+00 1.000000000000000000e+00 1.000000000000000000e+00 1.000000000000000000e+00 1.000000000000000000e+00 0.000000000000000000e+00 0.000000000000000000e+00 9.994100071204828906e-01 1.028164042690338231e+00 9.904120605396556920e-01 1.108221465127165128e+00 -1.118527809595394051e-01 -8.616109903912030910e-02 0.000000000000000000e+00
1.000000000000000000e+00 1.000000000000000000e+00 1.000000000000000000e+00 1.000000000000000000e+00 1.000000000000000000e+00 0.000000000000000000e+00 0.000000000000000000e+00 9.879382190301171374e-01 1.200890554813457189e+00 1.014576525150813202e+00 1.207281554943160362e+00 -5.531415816900370208e-02 1.642198639214759170e-01 0.000000000000000000e+00
1.000000000000000000e+00 1.000000000000000000e+00 1.000000000000000000e+00 1.000000000000000000e+00 1.000000000000000000e+00 0.000000000000000000e+00 0.000000000000000000e+00 9.983019222217225375e-01 7.959043435032893132e-01 9.987893093226219987e-01 1.029404256721307753e+00 2.273909152079082729e-01 -4.077929165773652720e-02 0.000000000000000000e+00
1.000000000000000000e+00 1.000000000000000000e+00 1.000000000000000000e+00 1.000000000000000000e+00 1.000000000000000000e+00 0.000000000000000000e+00 0.000000000000000000e+00 1.001554798836471250e+00 1.007098832174734504e+00 9.997833870996746253e-01 1.096194329421424474e+00 -2.987460838233188531e-01 -2.617039749118523773e-01 0.000000000000000000e+00
1.000000000000000000e+00 1.000000000000000000e+00 1.000000000000000000e+00 1.000000000000000000e+00 1.000000000000000000e+00 0.000000000000000000e+00 0.000000000000000000e+00 9.839141055913341871e-01 1.062831748727407488e+00 9.897762646725203339e-01 1.000713659296377234e+00 -2.534854386433956774e-01 -2.899138401816079846e-01 0.000000000000000000e+00
1.000000000000000000e+00 1.000000000000000000e+00 1.000000000000000000e+00 1.000000000000000000e+00 1.000000000000000000e+00 0.000000000000000000e+00 0.000000000000000000e+00 9.834163103534709904e-01 1.168495707072944478e+00 9.863122836224231804e-01 9.908879821745243399e-01 2.019735933487461499e-01 -5.960676543734283461e-02 0.000000000000000000e+00
1.000000000000000000e+00 1.000000000000000000e+00 1.000000000000000000e+00 1.000000000000000000e+00 1.000000000000000000e+00 0.000000000000000000e+00 0.000000000000000000e+00 1.007583344271055559e+00 8.703679075257737541e-01 9.851235156924011971e-01 9.733516412492400072e-01 1.531917221517342109e-01 -2.406963355686541628e-01 0.000000000000000000e+00
1.000000000000000000e+00 1.000000000000000000e+00 1.000000000000000000e+00 1.000000000000000000e+00 1.000000000000000000e+00 0.000000000000000000e+00 0.000000000000000000e+00 1.016796237744117537e+00 7.853298058089601685e-01 9.815475052700152192e-01 8.490149232941015534e-01 2.946383154705017882e-02 2.135579509440109214e-01 0.000000000000000000e+00
1.000000000000000000e+00 1.000000000000000000e+00 1.000000000000000000e+00 1.000000000000000000e+00 1.000000000000000000e+00 0.000000000000000000e+00 0.000000000000000000e+00 9.850931266136860875e-01 8.296627079180134423e-01 9.883903052974676307e-01 8.713614229221193774e-01 -6.703426414769739217e-02 7.321470293093923498e-02 0.000000000000000000e+00
1.000000000000000000e+00 1.000000000000000000e+00 1.000000000000000000e+00 1.000000000000000000e+00 1.000000000000000000e+00 0.000000000000000000e+00 0.000000000000000000e+00 1.019700570925498928e+00 8.520234303250191488e-01 9.860343992063509422e-01 1.075613203906492288e+00 -1.670438885686177377e-01 3.424552110987671982e-02 0.000000000000000000e+00
1.000000000000000000e+00 1.000000000000000000e+00 1.000000000000000000e+00 1.000000000000000000e+00 1.000000000000000000e+00 0.000000000000000000e+00 0.000000000000000000e+00 1.006118486298470227e+00 1.008550952054967365e+00 9.941174701322692542e-01 8.582632375285791371e-01 4.496086205696570026e-02 2.287433380419898188e-01 0.000000000000000000e+00
1.000000000000000000e+00 1.000000000000000000e+00 1.000000000000000000e+00 1.000000000000000000e+00 1.000000000000000000e+00 0.000000000000000000e+00 0.000000000000000000e+00 9.840834835845438944e-01 1.001980950995239095e+00 9.820527848632586432e-01 8.373143659565724928e-01 -2.897591409460813505e-01 2.051121385126669638e-02 0.000000000000000000e+00
1.000000000000000000e+00 1.000000000000000000e+00 1.000000000000000000e+00 1.000000000000000000e+00 1.000000000000000000e+00 0.000000000000000000e+00 0.000000000000000000e+00 9.888350181803053918e-01 1.121287766727378621e+00 1.006346268132392696e+00 7.892518255699860763e-01 5.977737470183536184e-02 2.817570821611365406e-01 0.000000000000000000e+00
1.000000000000000000e+00 1.000000000000000000e+00 1.000000000000000000e+00 1.000000000000000000e+00 1.000000000000000000e+00 0.000000000000000000e+00 0.000000000000000000e+00 9.831857197928342007e-01 8.910870759228733951e-01 9.974454260155383167e-01 9.940487539676096107e-01 -1.807432055540097449e-01 1.999598383481618336e-01 0.000000000000000000e+00
1.000000000000000000e+00 1.000000000000000000e+00 1.000000000000000000e+00 1.000000000000000000e+00 1.000000000000000000e+00 0.000000000000000000e+00 0.000000000000000000e+00 1.003396471049996741e+00 1.129652993598499799e+00 1.009649224469435280e+00 9.316696621401816536e-01 2.582618666053913548e-01 -2.104421420524893449e-02 0.000000000000000000e+00
1.000000000000000000e+00 1.000000000000000000e+00 1.000000000000000000e+00 1.000000000000000000e+00 1.000000000000000000e+00 0.000000000000000000e+00 0.000000000000000000e+00 9.964809701979088219e-01 1.210909001881332436e+00 9.827262792934776670e-01 9.579522517545211446e-01 3.743709013710810884e-02 -1.688973184778488346e-01 0.000000000000000000e+00
1.000000000000000000e+00 1.000000000000000000e+00 1.000000000000000000e+00 1.000000000000000000e+00 1.000000000000000000e+00 0.000000000000000000e+00 0.000000000000000000e+00 9.951550995932767485e-01 8.013810740479402339e-01 9.979781686610882385e-01 8.375097693769637530e-01 -6.538086062807746401e-02 8.739460525725162299e-03 0.000000000000000000e+00
1.000000000000000000e+00 1.000000000000000000e+00 1.000000000000000000e+00 1.000000000000000000e+00 1.000000000000000000e+00 0.000000000000000000e+00 0.000000000000000000e+00 1.011238854184906222e+00 1.019265512760959780e+00 9.964089045563313540e-01 1.161922717409092920e+00 -1.729129483176989890e-01 2.615906614738994218e-02 0.000000000000000000e+00
1.000000000000000000e+00 1.000000000000000000e+00 1.000000000000000000e+00 1.000000000000000000e+00 1.000000000000000000e+00 0.000000000000000000e+00 0.000000000000000000e+00 1.005320589983438540e+00 7.585494648710324750e-01 1.014821726936453894e+00 1.230174580028124298e+00 -2.958232318593032595e-01 -8.270274799566088020e-02 0.000000000000000000e+00
1.000000000000000000e+00 1.000000000000000000e+00 1.000000000000000000e+00 1.000000000000000000e+00 1.000000000000000000e+00 0.000000000000000000e+00 0.000000000000000000e+00 9.904462067681725213e-01 1.229697015976396912e+00 9.937949361830281658e-01 1.182627968347661707e+00 2.872990616797608809e-01 -2.050944258444707402e-01 0.000000000000000000e+00
1.000000000000000000e+00 1.000000000000000000e+00 1.000000000000000000e+00 1.000000000000000000e+00 1.000000000000000000e+00 0.000000000000000000e+00 0.000000000000000000e+00 9.976771550008602940e-01 1.003711077515413441e+00 1.002632278495683815e+00 1.089926838647841567e+00 2.118206682351799208e-01 1.785311051238364088e-01 0.000000000000000000e+00
1.000000000000000000e+00 1.000000000000000000e+00 1.000000000000000000e+00 1.000000000000000000e+00 1.000000000000000000e+00 0.000000000000000000e+00 0.000000000000000000e+00 9.808932711082557487e-01 1.097549523645259928e+00 1.006109625022452381e+00 9.611203831326990965e-01 -1.966511193105807132e-01 -2.935038335199978698e-01 0.000000000000000000e+00
1.000000000000000000e+00 1.000000000000000000e+00 1.000000000000000000e+00 1.000000000000000000e+00 1.000000000000000000e+00 0.000000000000000000e+00 0.000000000000000000e+00 1.012959209820058160e+00 9.950010053710390823e-01 1.006945282651920293e+00 8.044435410500991868e-01 -6.056799297748910460e-02 -1.279725295823580522e-02 0.000000000000000000e+00
1.000000000000000000e+00 1.000000000000000000e+00 1.000000000000000000e+00 1.000000000000000000e+00 1.000000000000000000e+00 0.000000000000000000e+00 0.000000000000000000e+00 9.955848758544614263e-01 8.327458882846348054e-01 9.954088007311752140e-01 1.115945498716171214e+00 1.286047584919549625e-01 3.709551008619194068e-03 0.000000000000000000e+00
1.000000000000000000e+00 1.000000000000000000e+00 1.000000000000000000e+00 1.000000000000000000e+00 1.000000000000000000e+00 0.000000000000000000e+00 0.000000000000000000e+00 9.939796762858137402e-01 9.408624836855582485e-01 9.998619880195723786e-01 7.704029907632972130e-01 -9.477675327246862236e-02 3.101981856398711157e-02 0.000000000000000000e+00
1.000000000000000000e+00 1.000000000000000000e+00 1.000000000000000000e+00 1.000000000000000000e+00 1.000000000000000000e+00 0.000000000000000000e+00 0.000000000000000000e+00 1.002266915504566258e+00 1.246358208378452348e+00 1.000327037872472458e+00 8.631845911761723000e-01 -2.248972564396646279e-01 -2.748827724042574583e-01 0.000000000000000000e+00
1.000000000000000000e+00 1.000000000000000000e+00 1.000000000000000000e+00 1.000000000000000000e+00 1.000000000000000000e+00 0.000000000000000000e+00 0.000000000000000000e+00 9.899701001921502597e-01 1.144088205857485940e+00 9.934679250492298719e-01 1.126944101410694232e+00 -8.083477763758623036e-02 2.314010595903702172e-01 0.000000000000000000e+00
1.000000000000000000e+00 1.000000000000000000e+00 1.000000000000000000e+00 1.000000000000000000e+00 1.000000000000000000e+00 0.000000000000000000e+00 0.000000000000000000e+00 1.014578972994069517e+00 8.439984088924035177e-01 1.014675674514493586e+00 1.215972391464315461e+00 -1.462254740667126296e-01 -2.322100025440715643e-01 0.000000000000000000e+00
1.000000000000000000e+00 1.000000000000000000e+00 1.000000000000000000e+00 1.000000000000000000e+00 1.000000000000000000e+00 0.000000000000000000e+00 0.000000000000000000e+00 9.863602945357853313e-01 9.266569564311808449e-01 1.001037261975229908e+00 1.048669032275756141e+00 -2.435675456756392354e-01 -6.593920075706738437e-02 0.000000000000000000e+00
1.000000000000000000e+00 1.000000000000000000e+00 1.000000000000000000e+00 1.000000000000000000e+00 1.000000000000000000e+00 0.000000000000000000e+00 0.000000000000000000e+00 1.012067991346575102e+00 9.993844196547946312e-01 1.015736199682848007e+00 1.111309951603292046e+00 2.336689336316823407e-01 -1.965705330355939084e-01 0.000000000000000000e+00
1.000000000000000000e+00 1.000000000000000000e+00 1.000000000000000000e+00 1.000000000000000000e+00 1.000000000000000000e+00 0.000000000000000000e+00 0.000000000000000000e+00 9.925765705601825584e-01 8.751137015081532633e-01 9.963356260037384837e-01 1.144622644685669322e+00 2.960151618836744380e-01 -6.675185235793618110e-02 0.000000000000000000e+00
1.000000000000000000e+00 1.000000000000000000e+00 1.000000000000000000e+00 1.000000000000000000e+00 1.000000000000000000e+00 0.000000000000000000e+00 0.000000000000000000e+00 1.006650125223144343e+00 8.245387908232368890e-01 9.877945084936392561e-01 1.210142227001225645e+00 -3.274842854140203041e-02 -2.535251056708221484e-01 0.000000000000000000e+00
1.000000000000000000e+00 1.000000000000000000e+00 1.000000000000000000e+00 1.000000000000000000e+00 1.000000000000000000e+00 0.000000000000000000e+00 0.000000000000000000e+00 9.887316883776022802e-01 8.893499929731928377e-01 9.967760299983153827e-01 7.571204031265617029e-01 1.038840437299516362e-01 -3.722089860984584275e-02 0.000000000000000000e+00
1.000000000000000000e+00 1.000000000000000000e+00 1.000000000000000000e+00 1.000000000000000000e+00 1.000000000000000000e+00 0.000000000000000000e+00 0.000000000000000000e+00 1.000868710063530509e+00 8.847625669313579078e-01 9.939976149292274465e-01 7.545566311738259868e-01 -2.712737963201160563e-01 -2.398563743395047965e-01 0.000000000000000000e+00
1.000000000000000000e+00 1.000000000000000000e+00 1.000000000000000000e+00 1.000000000000000000e+00 1.000000000000000000e+00 0.000000000000000000e+00 0.000000000000000000e+00 9.803640159741073834e-01 8.314346314206652044e-01 9.892847266072275492e-01 9.184092911162191619e-01 2.760126154124253328e-01 1.307539765582100277e-01 0.000000000000000000e+00
1.000000000000000000e+00 1.000000000000000000e+00 1.000000000000000000e+00 1.000000000000000000e+00 1.000000000000000000e+00 0.000000000000000000e+00 0.000000000000000000e+00 9.900533563537026183e-01 1.191106338272963194e+00 9.867036649547226146e-01 1.122457057388234869e+00 -1.686116944046673061e-01 -2.554232145202066651e-01 0.000000000000000000e+00
1.000000000000000000e+00 1.000000000000000000e+00 1.000000000000000000e+00 1.000000000000000000e+00 1.000000000000000000e+00 0.000000000000000000e+00 0.000000000000000000e+00 9.985793608802434607e-01 1.034463237819240655e+00 1.008962274754775290e+00 8.262605338978676883e-01 -2.155569284725573631e-01 -1.874963486965517401e-01 0.000000000000000000e+00
1.000000000000000000e+00 1.000000000000000000e+00 1.000000000000000000e+00 1.000000000000000000e+00 1.000000000000000000e+00 0.000000000000000000e+00 0.000000000000000000e+00 1.012425033514832595e+00 1.062218373202369559e+00 1.017803449813294847e+00 7.784215932886229261e-01 1.973674737506649901e-01 -2.719214598594212884e-01 0.000000000000000000e+00
1.000000000000000000e+00 1.000000000000000000e+00 1.000000000000000000e+00 1.000000000000000000e+00 1.000000000000000000e+00 0.000000000000000000e+00 0.000000000000000000e+00 9.912419610329288311e-01 9.870533019396738883e-01 9.902208994145504928e-01 9.792917589328440364e-01 -7.695075195316591898e-03 2.596885195089246312e-01 0.000000000000000000e+00
1.000000000000000000e+00 1.000000000000000000e+00 1.000000000000000000e+00 1.000000000000000000e+00 1.000000000000000000e+00 0.000000000000000000e+00 0.000000000000000000e+00 1.013736952046226936e+00 1.108566080250417807e+00 9.981013357103499795e-01 9.078552239256491019e-01 -1.864564004637372929e-01 2.956797737885976107e-01 0.000000000000000000e+00
1.000000000000000000e+00 1.000000000000000000e+00 1.000000000000000000e+00 1.000000000000000000e+00 1.000000000000000000e+00 0.000000000000000000e+00 0.000000000000000000e+00 9.945962073365262057e-01 7.506698034117332829e-01 1.018778527922836075e+00 1.174516594489681598e+00 2.149578255177450603e-01 2.205370757399688908e-01 0.000000000000000000e+00
1.000000000000000000e+00 1.000000000000000000e+00 1.000000000000000000e+00 1.000000000000000000e+00 1.000000000000000000e+00 0.000000000000000000e+00 0.000000000000000000e+00 9.884806930214338205e-01 1.093853796109812926e+00 9.840582120701779623e-01 9.279454685679821013e-01 1.200751390254605200e-01 2.666137013741170514e-01 0.000000000000000000e+00
1.000000000000000000e+00 1.000000000000000000e+00 1.000000000000000000e+00 1.000000000000000000e+00 1.000000000000000000e+00 0.000000000000000000e+00 0.000000000000000000e+00 9.910190120702861982e-01 1.025559500221228548e+00 9.916964797736097514e-01 1.094168181222150649e+00 -1.607051363744884664e-01 2.548729495759341490e-01 0.000000000000000000e+00
1.000000000000000000e+00 1.000000000000000000e+00 1.000000000000000000e+00 1.000000000000000000e+00 1.000000000000000000e+00 0.000000000000000000e+00 0.000000000000000000e+00 9.966165367991556279e-01 9.890379704955850615e-01 9.968236851517887631e-01 1.058032328330090976e+00 2.379972293266633954e-01 2.974557580069537299e-01 0.000000000000000000e+00
1.000000000000000000e+00 1.000000000000000000e+00 1.000000000000000000e+00 1.000000000000000000e+00 1.000000000000000000e+00 0.000000000000000000e+00 0.000000000000000000e+00 1.014706119755024671e+00 1.123119799279741926e+00 1.009468208405548406e+00 1.027401884630534834e+00 1.475045553287964717e-01 1.856435037973424018e-01 0.000000000000000000e+00
1.000000000000000000e+00 1.000000000000000000e+00 1.000000000000000000e+00 1.000000000000000000e+00 1.000000000000000000e+00 0.000000000000000000e+00 0.000000000000000000e+00 1.009307640833557507e+00 1.073796264705353831e+00 1.005497485459622142e+00 1.176153983075066911e+00 -2.736815202371721267e-01 -2.252176411325384486e-01 0.000000000000000000e+00
1.000000000000000000e+00 1.000000000000000000e+00 1.000000000000000000e+00 1.000000000000000000e+00 1.000000000000000000e+00 0.000000000000000000e+00 0.000000000000000000e+00 1.001874564607244222e+00 1.058906554955056478e+00 1.016481955597269504e+00 8.127799810913415302e-01 9.544030647578716220e-02 -6.009501637566636023e-02 0.000000000000000000e+00
1.000000000000000000e+00 1.000000000000000000e+00 1.000000000000000000e+00 1.000000000000000000e+00 1.000000000000000000e+00 0.000000000000000000e+00 0.000000000000000000e+00 1.017431715421467597e+00 9.752302445023348643e-01 1.003127859280761758e+00 1.019035817318041381e+00 -3.292000181742416043e-03 1.261566325925989607e-01 0.000000000000000000e+00
1.000000000000000000e+00 1.000000000000000000e+00 1.000000000000000000e+00 1.000000000000000000e+00 1.000000000000000000e+00 0.000000000000000000e+00 0.000000000000000000e+00 1.018265235178215988e+00 8.725012112324823654e-01 9.852779250768858299e-01 1.042272334514788401e+00 -4.192506337648210790e-02 8.233919312393983558e-02 0.000000000000000000e+00
1.000000000000000000e+00 1.000000000000000000e+00 1.000000000000000000e+00 1.000000000000000000e+00 1.000000000000000000e+00 0.000000000000000000e+00 0.000000000000000000e+00 9.890800991779926665e-01 1.146856139180412182e+00 9.833870878704514817e-01 9.030352907913192784e-01 1.295973584403464773e-01 7.011903781439587924e-02 0.000000000000000000e+00
1.000000000000000000e+00 1.000000000000000000e+00 1.000000000000000000e+00 1.000000000000000000e+00 1.000000000000000000e+00 0.000000000000000000e+00 0.000000000000000000e+00 9.930148409019675659e-01 1.046159580402358458e+00 9.888794888057873544e-01 1.080805897497875590e+00 2.991629152102454614e-01 -9.090073618737976036e-02 0.000000000000000000e+00
1.000000000000000000e+00 1.000000000000000000e+00 1.000000000000000000e+00 1.000000000000000000e+00 1.000000000000000000e+00 0.000000000000000000e+00 0.000000000000000000e+00 1.004066513750022205e+00 1.016301446908853823e+00 9.930071246198572954e-01 1.200067357000631718e+00 1.235319573497474788e-01 2.227155492994681296e-03 0.000000000000000000e+00
1.000000000000000000e+00 1.000000000000000000e+00 1.000000000000000000e+00 1.000000000000000000e+00 1.000000000000000000e+00 0.000000000000000000e+00 0.000000000000000000e+00 1.004860885460595155e+00 8.076699040877970415e-01 1.017283861781423049e+00 8.299971277953720472e-01 -1.100001142612304361e-01 -4.448053847113359049e-02 0.000000000000000000e+00
1.000000000000000000e+00 1.000000000000000000e+00 1.000000000000000000e+00 1.000000000000000000e+00 1.000000000000000000e+00 0.000000000000000000e+00 0.000000000000000000e+00 9.974769723930233534e-01 9.171776528197210787e-01 9.925206799237099586e-01 1.162792816235139082e+00 -2.049023992202603228e-01 2.847862144538659823e-02 0.000000000000000000e+00
1.000000000000000000e+00 1.000000000000000000e+00 1.000000000000000000e+00 1.000000000000000000e+00 1.000000000000000000e+00 0.000000000000000000e+00 0.000000000000000000e+00 9.918587365075091089e-01 1.150712703358471867e+00 1.010360170810033598e+00 1.158110407174566481e+00 6.236382102506815572e-02 2.086343930912981093e-01 0.000000000000000000e+00
1.000000000000000000e+00 1.000000000000000000e+00 1.000000000000000000e+00 1.000000000000000000e+00 1.000000000000000000e+00 0.000000000000000000e+00 0.000000000000000000e+00 9.978036634382730918e-01 1.161990686459176914e+00 1.003559343123126446e+00 1.181435812620017289e+00 -2.186037198432501105e-01 -1.435357768433244974e-01 0.000000000000000000e+00
1.000000000000000000e+00 1.000000000000000000e+00 1.000000000000000000e+00 1.000000000000000000e+00 1.000000000000000000e+00 0.000000000000000000e+00 0.000000000000000000e+00 1.019215051899176494e+00 1.180120389555203264e+00 9.948873641840209059e-01 1.086163301918205537e+00 6.878769340155521661e-02 -2.297444811860706870e-01 0.000000000000000000e+00
1.000000000000000000e+00 1.000000000000000000e+00 1.000000000000000000e+00 1.000000000000000000e+00 1.000000000000000000e+00 0.000000000000000000e+00 0.000000000000000000e+00 1.015635071806555434e+00 8.822271104139574049e-01 1.005052075750942686e+00 1.053719310559256606e+00 1.584214005792098923e-01 -1.664957850014224250e-01 0.000000000000000000e+00
1.000000000000000000e+00 1.000000000000000000e+00 1.000000000000000000e+00 1.000000000000000000e+00 1.000000000000000000e+00 0.000000000000000000e+00 0.000000000000000000e+00 9.969970455531229625e-01 8.207070062034844682e-01 1.013139067377408331e+00 8.815498727506885235e-01 -1.511866333048972333e-01 1.926285084495875655e-01 0.000000000000000000e+00
1.000000000000000000e+00 1.000000000000000000e+00 1.000000000000000000e+00 1.000000000000000000e+00 1.000000000000000000e+00 0.000000000000000000e+00 0.000000000000000000e+00 9.807099920791770842e-01 9.937592210370367329e-01 9.835889500648365980e-01 1.032198915527819505e+00 1.274152333807793136e-02 9.034221678106230113e-02 0.000000000000000000e+00
1.000000000000000000e+00 1.000000000000000000e+00 1.000000000000000000e+00 1.000000000000000000e+00 1.000000000000000000e+00 0.000000000000000000e+00 0.000000000000000000e+00 1.007156437090632517e+00 9.134258947605854440e-01 9.953875519886808965e-01 9.476050888670544126e-01 1.945385638094553338e-01 -1.767889856603153120e-01 0.000000000000000000e+00
1.000000000000000000e+00 1.000000000000000000e+00 1.000000000000000000e+00 1.000000000000000000e+00 1.000000000000000000e+00 0.000000000000000000e+00 0.000000000000000000e+00 9.877069282778195847e-01 1.056712977849433965e+00 1.007424270784501807e+00 1.177892457460165243e+00 2.738255193704704493e-01 2.234922521042332355e-01 0.000000000000000000e+00
1.000000000000000000e+00 1.000000000000000000e+00 1.000000000000000000e+00 1.000000000000000000e+00 1.000000000000000000e+00 0.000000000000000000e+00 0.000000000000000000e+00 9.903509837585201536e-01 8.053128654602124126e-01 1.001717521077413409e+00 1.135161825201175922e+00 2.651493712460177288e-01 -3.230792204426258252e-02 0.000000000000000000e+00
1.000000000000000000e+00 1.000000000000000000e+00 1.000000000000000000e+00 1.000000000000000000e+00 1.000000000000000000e+00 0.000000000000000000e+00 0.000000000000000000e+00 1.010332284879845499e+00 1.214310426669447995e+00 1.002468402979498352e+00 8.432268492376174818e-01 1.605374681513105917e-01 -2.032020568647252001e-01 0.000000000000000000e+00
1.000000000000000000e+00 1.000000000000000000e+00 1.000000000000000000e+00 1.000000000000000000e+00 1.000000000000000000e+00 0.000000000000000000e+00 0.000000000000000000e+00 1.012725523457770560e+00 1.102417304141771526e+00 1.010116147347038806e+00 1.229647190300854120e+00 -1.250371556322951438e-01 1.211020754080927020e-02 0.000000000000000000e+00
1.000000000000000000e+00 1.000000000000000000e+00 1.000000000000000000e+00 1.000000000000000000e+00 1.000000000000000000e+00 0.000000000000000000e+00 0.000000000000000000e+00 9.858695122910707820e-01 1.127373721205249257e+00 9.816757565895003479e-01 1.055717439657824386e+00 -2.193489930564417878e-01 -3.489141286547337018e-02 0.000000000000000000e+00
1.000000000000000000e+00 1.000000000000000000e+00 1.000000000000000000e+00 1.000000000000000000e+00 1.000000000000000000e+00 0.000000000000000000e+00 0.000000000000000000e+00 1.019153705658538245e+00 1.085612419353692015e+00 1.004746473819705388e+00 1.046920591628031527e+00 2.057744718525276739e-01 -7.493653265258781726e-02 0.000000000000000000e+00
1.000000000000000000e+00 1.000000000000000000e+00 1.000000000000000000e+00 1.000000000000000000e+00 1.000000000000000000e+00 0.000000000000000000e+00 0.000000000000000000e+00 1.017835743719623487e+00 9.368811590114994869e-01 9.907933604651227855e-01 9.332259136043966619e-01 7.391612862416974128e-02 -2.783581226435953293e-01 0.000000000000000000e+00
1.000000000000000000e+00 1.000000000000000000e+00 1.000000000000000000e+00 1.000000000000000000e+00 1.000000000000000000e+00 0.000000000000000000e+00 0.000000000000000000e+00 1.003460910261519956e+00 9.795339937112661488e-01 9.873416110503530074e-01 9.668496861537463349e-01 1.897814430523002138e-01 2.371484239140173034e-01 0.000000000000000000e+00
1.000000000000000000e+00 1.000000000000000000e+00 1.000000000000000000e+00 1.000000000000000000e+00 1.000000000000000000e+00 0.000000000000000000e+00 0.000000000000000000e+00 9.857514379346601352e-01 1.233061920582174231e+00 1.004108840782251377e+00 8.601715915296548332e-01 -2.464828083107440948e-01 8.455663282459202623e-02 0.000000000000000000e+00
1.000000000000000000e+00 1.000000000000000000e+00 1.000000000000000000e+00 1.000000000000000000e+00 1.000000000000000000e+00 0.000000000000000000e+00 0.000000000000000000e+00 1.008608201576425278e+00 1.081589012041593190e+00 9.855044210230209378e-01 9.956699300956363130e-01 -1.416081742820965161e-01 -7.184498504860811763e-02 0.000000000000000000e+00
1.000000000000000000e+00 1.000000000000000000e+00 1.000000000000000000e+00 1.000000000000000000e+00 1.000000000000000000e+00 0.000000000000000000e+00 0.000000000000000000e+00 1.014392054539155374e+00 7.899382188259320703e-01 9.972207211751195066e-01 1.209525378529532791e+00 7.190430641708256410e-02 -2.960534247601537272e-01 0.000000000000000000e+00
1.000000000000000000e+00 1.000000000000000000e+00 1.000000000000000000e+00 1.000000000000000000e+00 1.000000000000000000e+00 0.000000000000000000e+00 0.000000000000000000e+00 9.881609639303031711e-01 7.705091816994775744e-01 9.831937661688282537e-01 8.460409335858608548e-01 2.249245593469441640e-01 -1.049396064562892195e-01 0.000000000000000000e+00
1.000000000000000000e+00 1.000000000000000000e+00 1.000000000000000000e+00 1.000000000000000000e+00 1.000000000000000000e+00 0.000000000000000000e+00 0.000000000000000000e+00 1.009565789705405336e+00 1.092336572663366701e+00 1.010851621664803579e+00 7.983192258224310889e-01 1.841251516327959137e-01 1.974595614368502283e-01 0.000000000000000000e+00
1.000000000000000000e+00 1.000000000000000000e+00 1.000000000000000000e+00 1.000000000000000000e+00 1.000000000000000000e+00 0.000000000000000000e+00 0.000000000000000000e+00 1.013872877934657968e+00 1.134266574608888245e+00 1.005742342329222438e+00 1.165432524523857039e+00 -1.799518027206103987e-01 1.651593787008069358e-01 0.000000000000000000e+00
1.000000000000000000e+00 1.000000000000000000e+00 1.000000000000000000e+00 1.000000000000000000e+00 1.000000000000000000e+00 0.000000000000000000e+00 0.000000000000000000e+00 1.015891406233904615e+00 1.054831130163097930e+00 1.012265046451588990e+00 1.039956865851765722e+00 8.116943714811897248e-02 -2.101342960253698156e-01 0.000000000000000000e+00
1.000000000000000000e+00 1.000000000000000000e+00 1.000000000000000000e+00 1.000000000000000000e+00 1.000000000000000000e+00 0.000000000000000000e+00 0.000000000000000000e+00 1.018711615916994884e+00 1.184283605205485923e+00 9.801620204765717492e-01 1.009523384769494658e+00 6.481305159005035232e-02 2.129661043114074448e-01 0.000000000000000000e+00
1.000000000000000000e+00 1.000000000000000000e+00 1.000000000000000000e+00 1.000000000000000000e+00 1.000000000000000000e+00 0.000000000000000000e+00 0.000000000000000000e+00 1.009065115050193029e+00 9.839276727876933304e-01 1.018095935657430839e+00 8.982096528987513206e-01 -1.574214847305466791e-01 2.015612909341273906e-01 0.000000000000000000e+00
1.000000000000000000e+00 1.000000000000000000e+00 1.000000000000000000e+00 1.000000000000000000e+00 1.000000000000000000e+00 0.000000000000000000e+00 0.000000000000000000e+00 9.854178508682844839e-01 7.829602231798017398e-01 1.002879314797501253e+00 1.015531342743121401e+00 -2.026869198747556222e-01 2.358726252197839712e-01 0.000000000000000000e+00
1.000000000000000000e+00 1.000000000000000000e+00 1.000000000000000000e+00 1.000000000000000000e+00 1.000000000000000000e+00 0.000000000000000000e+00 0.000000000000000000e+00 1.000265224509017781e+00 8.947307923927481088e-01 9.922297995482712851e-01 8.193682151697622151e-01 1.675472202385134834e-01 2.901386330556074422e-01 0.000000000000000000e+00
1.000000000000000000e+00 1.000000000000000000e+00 1.000000000000000000e+00 1.000000000000000000e+00 1.000000000000000000e+00 0.000000000000000000e+00 0.000000000000000000e+00 1.015575163410099790e+00 9.311674786386970881e-01 9.992647291846982194e-01 7.678580990477408275e-01 -5.902759193555651152e-02 -1.173506705912094328e-01 0.000000000000000000e+00
1.000000000000000000e+00 1.000000000000000000e+00 1.000000000000000000e+00 1.000000000000000000e+00 1.000000000000000000e+00 0.000000000000000000e+00 0.000000000000000000e+00 1.008494939933175072e+00 1.202701375266711725e+00 1.011780015703987790e+00 1.141000488990853823e+00 8.781604098579753881e-02 -7.753473212922343261e-02 0.000000000000000000e+00
1.000000000000000000e+00 1.000000000000000000e+00 1.000000000000000000e+00 1.000000000000000000e+00 1.000000000000000000e+00 0.000000000000000000e+00 0.000000000000000000e+00 9.973479240262949075e-01 8.676152758309647606e-01 9.804888676771368328e-01 1.127802361348245963e+00 -1.470270020966521207e-01 2.485764994046905652e-01 0.000000000000000000e+00
1.000000000000000000e+00 1.000000000000000000e+00 1.000000000000000000e+00 1.000000000000000000e+00 1.000000000000000000e+00 0.000000000000000000e+00 0.000000000000000000e+00 9.963090678715446069e-01 1.097212434793953806e+00 1.004569673573176836e+00 1.005479553730470599e+00 1.347507072668449601e-01 -2.098558278725352888e-01 0.000000000000000000e+00
1.000000000000000000e+00 1.000000000000000000e+00 1.000000000000000000e+00 1.000000000000000000e+00 1.000000000000000000e+00 0.000000000000000000e+00 0.000000000000000000e+00 9.821062240658142706e-01 9.610871075614986214e-01 9.908408142691431664e-01 1.011277655154736888e+00 2.672991528801813010e-01 -1.894677716907013088e-01 0.000000000000000000e+00
1.000000000000000000e+00 1.000000000000000000e+00 1.000000000000000000e+00 1.000000000000000000e+00 1.000000000000000000e+00 0.000000000000000000e+00 0.000000000000000000e+00 9.864470213440686974e-01 1.218705010500636732e+00 9.910833840201137557e-01 9.687974543783840486e-01 -1.208409283627319697e-01 3.795514300566077415e-02 0.000000000000000000e+00
1.000000000000000000e+00 1.000000000000000000e+00 1.000000000000000000e+00 1.000000000000000000e+00 1.000000000000000000e+00 0.000000000000000000e+00 0.000000000000000000e+00 1.009624346666475381e+00 8.957638909839875652e-01 1.009984564725018963e+00 9.373645363516924789e-01 -7.667512280294169758e-02 -8.045134349552363062e-02 0.000000000000000000e+00
1.000000000000000000e+00 1.000000000000000000e+00 1.000000000000000000e+00 1.000000000000000000e+00 1.000000000000000000e+00 0.000000000000000000e+00 0.000000000000000000e+00 1.013061158624812386e+00 1.224248973635385429e+00 9.977464891169922634e-01 1.147492997796022873e+00 3.546136528093679630e-02 -1.463780191383208529e-01 0.000000000000000000e+00
1.000000000000000000e+00 1.000000000000000000e+00 1.000000000000000000e+00 1.000000000000000000e+00 1.000000000000000000e+00 0.000000000000000000e+00 0.000000000000000000e+00 9.943984468221928053e-01 1.186980776307569485e+00 9.879761110866547291e-01 1.204568025079214122e+00 5.513781731948641518e-02 -1.222814799516128148e-01 0.000000000000000000e+00
1.000000000000000000e+00 1.000000000000000000e+00 1.000000000000000000e+00 1.000000000000000000e+00 1.000000000000000000e+00 0.000000000000000000e+00 0.000000000000000000e+00 1.002894951130385737e+00 1.176253985374157818e+00 1.000185188513835755e+00 1.032753722003517449e+00 -2.265682481196691356e-01 -2.970003071463084288e-02 0.000000000000000000e+00
1.000000000000000000e+00 1.000000000000000000e+00 1.000000000000000000e+00 1.000000000000000000e+00 1.000000000000000000e+00 0.000000000000000000e+00 0.000000000000000000e+00 1.004718620127351247e+00 1.031352017424181478e+00 9.845566772389369170e-01 8.345406363901504143e-01 2.723584055627719658e-01 -2.666749395234641606e-01 0.000000000000000000e+00
1.000000000000000000e+00 1.000000000000000000e+00 1.000000000000000000e+00 1.000000000000000000e+00 1.000000000000000000e+00 0.000000000000000000e+00 0.000000000000000000e+00 1.003957978366496695e+00 7.793966691496003740e-01 9.950603999063660776e-01 1.239554680895540884e+00 2.173141113180809270e-01 -2.861073935498511522e-01 0.000000000000000000e+00
1.000000000000000000e+00 1.000000000000000000e+00 1.000000000000000000e+00 1.000000000000000000e+00 1.000000000000000000e+00 0.000000000000000000e+00 0.000000000000000000e+00 1.001776291401403007e+00 8.389532436701195861e-01 1.004266528401863479e+00 8.020116080602427422e-01 3.958061264876050478e-02 -1.934545608080384116e-01 0.000000000000000000e+00
1.000000000000000000e+00 1.000000000000000000e+00 1.000000000000000000e+00 1.000000000000000000e+00 1.000000000000000000e+00 0.000000000000000000e+00 0.000000000000000000e+00 1.010701064192965681e+00 8.798882111832462272e-01 9.915531000759690849e-01 7.614008045396403190e-01 -4.707000693990315288e-02 1.766158263531173445e-01 0.000000000000000000e+00
1.000000000000000000e+00 1.000000000000000000e+00 1.000000000000000000e+00 1.000000000000000000e+00 1.000000000000000000e+00 0.000000000000000000e+00 0.000000000000000000e+00 9.941048517595032497e-01 1.110722860299876658e+00 1.000402242624375493e+00 7.769134202579235371e-01 2.363761665790150013e-01 1.143887359626326594e-01 0.000000000000000000e+00
1.000000000000000000e+00 1.000000000000000000e+00 1.000000000000000000e+00 1.000000000000000000e+00 1.000000000000000000e+00 0.000000000000000000e+00 0.000000000000000000e+00 1.019575465533198555e+00 1.022280683971457105e+00 1.019117983853971232e+00 7.823629681569089778e-01 -4.967909646931045753e-02 -9.349675666532886176e-02 0.000000000000000000e+00
1.000000000000000000e+00 1.000000000000000000e+00 1.000000000000000000e+00 1.000000000000000000e+00 1.000000000000000000e+00 0.000000000000000000e+00 0.000000000000000000e+00 9.846154932508548452e-01 8.451781583733541936e-01 1.006717703577641787e+00 1.078175197031573163e+00 -1.354881850431736423e-01 4.623386334634116412e-02 0.000000000000000000e+00
1.000000000000000000e+00 1.000000000000000000e+00 1.000000000000000000e+00 1.000000000000000000e+00 1.000000000000000000e+00 0.000000000000000000e+00 0.000000000000000000e+00 1.010513899418476136e+00 7.758598368865592398e-01 1.008208778918699755e+00 1.070703347861355459e+00 -2.503055448778105374e-01 -1.726082968614442992e-01 0.000000000000000000e+00
1.000000000000000000e+00 1.000000000000000000e+00 1.000000000000000000e+00 1.000000000000000000e+00 1.000000000000000000e+00 0.000000000000000000e+00 0.000000000000000000e+00 1.014908779440804709e+00 8.631210698118494395e-01 1.017737658799501066e+00 8.207617762402241723e-01 -2.675343283094868130e-01 -8.757798848813147519e-02 0.000000000000000000e+00
1.000000000000000000e+00 1.000000000000000000e+00 1.000000000000000000e+00 1.000000000000000000e+00 1.000000000000000000e+00 0.000000000000000000e+00 0.000000000000000000e+00 1.016225438790496316e+00 1.071358746035086851e+00 1.003647937996859030e+00 1.233372831367393951e+00 -2.614536003800962405e-01 2.455545633396599148e-01 0.000000000000000000e+00
1.000000000000000000e+00 1.000000000000000000e+00 1.000000000000000000e+00 1.000000000000000000e+00 1.000000000000000000e+00 0.000000000000000000e+00 0.000000000000000000e+00 9.824620877201214464e-01 9.701620892807929497e-01 9.829634209628455022e-01 8.771170896487436863e-01 5.166026072682555759e-02 -2.509392002462245697e-01 0.000000000000000000e+00
1.000000000000000000e+00 1.000000000000000000e+00 1.000000000000000000e+00 1.000000000000000000e+00 1.000000000000000000e+00 0.000000000000000000e+00 0.000000000000000000e+00 1.012276498755792842e+00 1.113861015572851443e+00 9.921864575147895104e-01 1.191957302875864766e+00 2.628752367515217458e-01 -2.453474553847282691e-01 0.000000000000000000e+00
1.000000000000000000e+00 1.000000000000000000e+00 1.000000000000000000e+00 1.000000000000000000e+00 1.000000000000000000e+00 0.000000000000000000e+00 0.000000000000000000e+00 9.989825758048571647e-01 1.164286790879582867e+00 1.001876351832327705e+00 1.193166238925851053e+00 5.516178937892191048e-03 2.863596815684992802e-01 0.000000000000000000e+00
1.000000000000000000e+00 1.000000000000000000e+00 1.000000000000000000e+00 1.000000000000000000e+00 1.000000000000000000e+00 0.000000000000000000e+00 0.000000000000000000e+00 9.895160270566304428e-01 8.404981370809405661e-01 1.016324824064728238e+00 1.061377508525283675e+00 1.160837537456174684e-01 -1.285622694776139274e-01 0.000000000000000000e+00
1.000000000000000000e+00 1.000000000000000000e+00 1.000000000000000000e+00 1.000000000000000000e+00 1.000000000000000000e+00 0.000000000000000000e+00 0.000000000000000000e+00 1.018595588294080034e+00 1.178459203793324583e+00 1.001285961898086496e+00 8.302171142172293239e-01 -2.818512055171603081e-01 1.211988402358984973e-01 0.000000000000000000e+00
1.000000000000000000e+00 1.000000000000000000e+00 1.000000000000000000e+00 1.000000000000000000e+00 1.000000000000000000e+00 0.000000000000000000e+00 0.000000000000000000e+00 1.000728328984230808e+00 9.335042815805404404e-01 1.009197361725849174e+00 9.440754083411468933e-01 -9.263348643620791800e-02 1.822759639229115658e-01 0.000000000000000000e+00
1.000000000000000000e+00 1.000000000000000000e+00 1.000000000000000000e+00 1.000000000000000000e+00 1.000000000000000000e+00 0.000000000000000000e+00 0.000000000000000000e+00 9.960010901407325701e-01 1.103213727106721720e+00 1.014057878885101793e+00 9.122788874734237830e-01 8.516680708941420930e-02 1.914814428280722236e-01 0.000000000000000000e+00
1.000000000000000000e+00 1.000000000000000000e+00 1.000000000000000000e+00 1.000000000000000000e+00 1.000000000000000000e+00 0.000000000000000000e+00 0.000000000000000000e+00 9.922385438343503949e-01 7.628473405934869112e-01 9.849532086882641924e-01 8.830142035742098994e-01 -2.383742625029220685e-01 -1.981646143130182391e-01 0.000000000000000000e+00
1.000000000000000000e+00 1.000000000000000000e+00 1.000000000000000000e+00 1.000000000000000000e+00 1.000000000000000000e+00 0.000000000000000000e+00 0.000000000000000000e+00 9.844091531263500228e-01 8.104226558133906799e-01 1.010417052341059163e+00 1.051383501372138429e+00 -3.794160182624234379e-02 2.765885242087629536e-01 0.000000000000000000e+00
1.000000000000000000e+00 1.000000000000000000e+00 1.000000000000000000e+00 1.000000000000000000e+00 1.000000000000000000e+00 0.000000000000000000e+00 0.000000000000000000e+00 9.812613038533261056e-01 7.998117938364083246e-01 9.900796931968790515e-01 1.167650677232119127e+00 -1.921705786265080484e-01 1.060809643352668696e-01 0.000000000000000000e+00
1.000000000000000000e+00 1.000000000000000000e+00 1.000000000000000000e+00 1.000000000000000000e+00 1.000000000000000000e+00 0.000000000000000000e+00 0.000000000000000000e+00 9.997990300263498442e-01 8.869902363641484211e-01 1.008097927697426899e+00 8.745313601653816882e-01 -2.303114771263848615e-01 1.006530078913424608e-01 0.000000000000000000e+00
1.000000000000000000e+00 1.000000000000000000e+00 1.000000000000000000e+00 1.000000000000000000e+00 1.000000000000000000e+00 0.000000000000000000e+00 0.000000000000000000e+00 9.822317604081426401e-01 9.598443321650029780e-01 1.012834190508506982e+00 1.172104984387382309e+00 2.076264932695904286e-01 -1.143182322093381498e-01 0.000000000000000000e+00
1.000000000000000000e+00 1.000000000000000000e+00 1.000000000000000000e+00 1.000000000000000000e+00 1.000000000000000000e+00 0.000000000000000000e+00 0.000000000000000000e+00 9.853481552389625753e-01 1.139990403499174354e+00 9.945599462346407238e-01 1.066543721717575499e+00 2.508592364886815251e-01 1.442432919481048681e-01 0.000000000000000000e+00
1.000000000000000000e+00 1.000000000000000000e+00 1.000000000000000000e+00 1.000000000000000000e+00 1.000000000000000000e+00 0.000000000000000000e+00 0.000000000000000000e+00 1.015126057150567807e+00 1.196180716720296244e+00 9.823495701063522656e-01 1.063875794473379433e+00 1.077740890878628455e-01 7.951507708291244425e-02 0.000000000000000000e+00
1.000000000000000000e+00 1.000000000000000000e+00 1.000000000000000000e+00 1.000000000000000000e+00 1.000000000000000000e+00 0.000000000000000000e+00 0.000000000000000000e+00 1.007304484704426795e+00 1.084563819482020186e+00 1.013914414450057144e+00 8.650530126026074740e-01 1.786084742267604053e-01 1.555115087260356965e-01 0.000000000000000000e+00
1.000000000000000000e+00 1.000000000000000000e+00 1.000000000000000000e+00 1.000000000000000000e+00 1.000000000000000000e+00 0.000000000000000000e+00 0.000000000000000000e+00 1.017070016472702454e+00 8.578911956238587377e-01 1.008549094880829111e+00 1.240381728102228465e+00 1.511047419951813686e-01 6.541651294129924299e-02 0.000000000000000000e+00
1.000000000000000000e+00 1.000000000000000000e+00 1.000000000000000000e+00 1.000000000000000000e+00 1.000000000000000000e+00 0.000000000000000000e+00 0.000000000000000000e+00 9.843024555704128487e-01 9.113629876589053325e-01 1.007162641270601622e+00 1.101478389607780883e+00 -1.291161967912972941e-01 -5.301243301771299543e-02 0.000000000000000000e+00
1.000000000000000000e+00 1.000000000000000000e+00 1.000000000000000000e+00 1.000000000000000000e+00 1.000000000000000000e+00 0.000000000000000000e+00 0.000000000000000000e+00 9.948002798046964301e-01 1.193334169230762631e+00 9.982135323048495490e-01 1.213723626888868923e+00 -2.870566560393948419e-01 2.720982170027919644e-01 0.000000000000000000e+00
1.000000000000000000e+00 1.000000000000000000e+00 1.000000000000000000e+00 1.000000000000000000e+00 1.000000000000000000e+00 0.000000000000000000e+00 0.000000000000000000e+00 9.909015023115037568e-01 8.604528195344324226e-01 1.019277279472796005e+00 1.186216286318346080e+00 1.830211992712271751e-03 1.377855385921450404e-01 0.000000000000000000e+00
1.000000000000000000e+00 1.000000000000000000e+00 1.000000000000000000e+00 1.000000000000000000e+00 1.000000000000000000e+00 0.000000000000000000e+00 0.000000000000000000e+00 1.011851164392947977e+00 7.936925255089639641e-01 1.008733792657054540e+00 9.770725878278292420e-01 9.645751076910574762e-02 4.180924343078523675e-02 0.000000000000000000e+00
1.000000000000000000e+00 1.000000000000000000e+00 1.000000000000000000e+00 1.000000000000000000e+00 1.000000000000000000e+00 0.000000000000000000e+00 0.000000000000000000e+00 9.861505126161452806e-01 1.066853144669265285e+00 9.928188483850871604e-01 1.124073394132924619e+00 -1.057029002148583141e-01 -2.795087402788421493e-01 0.000000000000000000e+00
1.000000000000000000e+00 1.000000000000000000e+00 1.000000000000000000e+00 1.000000000000000000e+00 1.000000000000000000e+00 0.000000000000000000e+00 0.000000000000000000e+00 9.987717395380837360e-01 8.664397251300588465e-01 9.806310364399959401e-01 9.843744782661548731e-01 1.877164176212912650e-01 2.677050906551904919e-01 0.000000000000000000e+00
1.000000000000000000e+00 1.000000000000000000e+00 1.000000000000000000e+00 1.000000000000000000e+00 1.000000000000000000e+00 0.000000000000000000e+00 0.000000000000000000e+00 9.916580484299056808e-01 1.013823844440650213e+00 1.005845612691422364e+00 8.912397526624260546e-01 -1.551878427661057547e-02 6.141764617753880939e-02 0.000000000000000000e+00
1.000000000000000000e+00 1.000000000000000000e+00 1.000000000000000000e+00 1.000000000000000000e+00 1.000000000000000000e+00 0.000000000000000000e+00 0.000000000000000000e+00 9.836386911187398052e-01 8.186528418981355859e-01 1.009287756597627927e+00 7.939576516394677430e-01 2.215402618532866241e-01 -1.323626430910929963e-01 0.000000000000000000e+00
1.000000000000000000e+00 1.000000000000000000e+00 1.000000000000000000e+00 1.000000000000000000e+00 1.000000000000000000e+00 0.000000000000000000e+00 0.000000000000000000e+00 9.819073815612967548e-01 1.036957843023224690e+00 1.000735076940865831e+00 8.961942063732718511e-01 -7.122476668346339190e-02 -1.857120972963326455e-01 0.000000000000000000e+00
1.000000000000000000e+00 1.000000000000000000e+00 1.000000000000000000e+00 1.000000000000000000e+00 1.000000000000000000e+00 0.000000000000000000e+00 0.000000000000000000e+00 9.935746534308410594e-01 1.011762358907974502e+00 1.014325060643502807e+00 7.844867908723617278e-01 -2.343894347811134038e-01 2.363700248858546793e-02 0.000000000000000000e+00
1.000000000000000000e+00 1.000000000000000000e+00 1.000000000000000000e+00 1.000000000000000000e+00 1.000000000000000000e+00 0.000000000000000000e+00 0.000000000000000000e+00 9.897550267963790560e-01 9.694684805889984824e-01 9.927927756656949043e-01 9.980153891238889852e-01 -9.713983646240248460e-02 2.044628742182235670e-01 0.000000000000000000e+00
1.000000000000000000e+00 1.000000000000000000e+00 1.000000000000000000e+00 1.000000000000000000e+00 1.000000000000000000e+00 0.000000000000000000e+00 0.000000000000000000e+00 1.003193421383154593e+00 9.289613206493068098e-01 9.971821854596163437e-01 1.221727595048167858e+00 -1.641559198237608486e-01 -1.823046567807804774e-01 0.000000000000000000e+00
1.000000000000000000e+00 1.000000000000000000e+00 1.000000000000000000e+00 1.000000000000000000e+00 1.000000000000000000e+00 0.000000000000000000e+00 0.000000000000000000e+00 1.006419745110768593e+00 1.249363946479609799e+00 1.011895374584188545e+00 7.598233080397459593e-01 -2.102819576584691319e-01 -1.139303422073239258e-01 0.000000000000000000e+00
1.000000000000000000e+00 1.000000000000000000e+00 1.000000000000000000e+00 1.000000000000000000e+00 1.000000000000000000e+00 0.000000000000000000e+00 0.000000000000000000e+00 9.815581923329409486e-01 1.189135999549626677e+00 1.016696152556510135e+00 7.667815033558944560e-01 1.981693354932296813e-01 1.196622158522244739e-01 0.000000000000000000e+00
1.000000000000000000e+00 1.000000000000000000e+00 1.000000000000000000e+00 1.000000000000000000e+00 1.000000000000000000e+00 0.000000000000000000e+00 0.000000000000000000e+00 9.947129011546295141e-01 9.900719912285901314e-01 1.012189312646528672e+00 1.114026642697023117e+00 -1.272032970947737651e-01 -1.783902763387198998e-01 0.000000000000000000e+00
1.000000000000000000e+00 1.000000000000000000e+00 1.000000000000000000e+00 1.000000000000000000e+00 1.000000000000000000e+00 0.000000000000000000e+00 0.000000000000000000e+00 1.008945392041832312e+00 1.167281017263085419e+00 9.918865541223403914e-01 1.130278916447332360e+00 -1.942521164118388155e-02 2.617643504816344335e-01 0.000000000000000000e+00
