1.2253547793851363 0.8794456177002283 0.6961828030764208 0.971984411748855 0.4115454366842188 0.955145084515243 0.18931642837378715 0.910847707370585 1.2441370431207934 0.9949400676425265 1.177395669931904 -0.6063428680546614 0.0031820510276133196 22.281947147095345
1.0419612277212045 0.8913491754869445 0.6314007269090995 0.8675678802993485 0.3901029414572336 0.8427008309881616 0.36911133750702707 0.9958459954927339 1.5940336295160296 0.9924575825987594 0.7670396983902306 -0.23147461343743242 -0.14195002478650742 2.994454827758649
1.4114479369661037 0.9727542925386717 1.4284584932375093 0.9621348525024914 0.09782681448165612 0.3093511580105011 -0.36806702125285123 0.9997542680987557 0.7715333808947255 1.006587527754536 0.8530133770050166 -0.5141975655148693 -0.26816035601673277 13.938661059056976
1.4081881718493854 0.9821561930854372 0.7839125026723792 1.2556237817182976 0.18745305078877045 0.661930010902223 -0.3867582043508755 0.9929514281296206 0.8256517784727628 1.023785336757417 0.8308699504254681 0.281665990119788 -0.2670509584085582 42.01533494054798
1.144701483062931 0.9814370995597047 1.1755148313918455 0.9775069242271973 0.7588613476960429 0.8662403298222051 0.058545183908535026 0.9294485870909572 1.6853102867247594 0.9903681418085686 1.0081463574360725 -0.24044854730412774 0.10962135506550069 48.4309517962833
1.0614975775649753 0.8473451133047996 0.540986084470907 1.3369696773266129 0.9083968367336439 0.27794341617628043 0.5082185458504276 0.9515742728313168 1.9756182678071885 0.9804748736661107 0.48828873242838766 -0.3015839457529019 0.19630425028274062 10.80723947365947
1.4656214382359976 0.9350272669702558 0.6098084803373675 0.9084580972299581 0.40972008357957806 0.5293030129696553 0.33523155547884054 0.9065472960870525 1.1920755386773696 1.0042229484782712 1.1605336502423638 0.22046704205427692 -0.24054132234458322 4.060324524220725
0.9555809155666255 0.8857279335850561 0.5872418568592424 0.5709243629943355 0.18281583466374104 0.4324872493273059 -0.11678951596182807 0.9904582337439841 1.3384401507737742 1.0049508147409525 1.2487864060293303 -0.0030779074694075037 -0.08158803705741507 42.67345689340108
0.8869505711612196 0.9607322735808617 0.8437437370310588 1.2187189404730865 0.7736885973025401 0.18347060799822737 -0.4617717113916455 0.9020813648947836 2.2402119369014217 0.9993496755156005 0.4008676683339966 -0.541144244374561 0.2255821449721695 58.39408377107373
0.5089348002488553 0.819922611963551 1.1945802169279571 1.1583507876558092 0.3178504466308127 0.06497763980669072 0.5916896764201083 0.9552284167453767 1.969289470250088 1.0080029990024 0.9105299661276525 -0.44101446064315775 0.10292281402839354 0.2153451408855831
1.2751545264907511 0.8360768787915097 1.049696853560576 1.4609100446875782 0.031282406448029904 0.18645337321811944 0.921023741067023 0.9679971205939162 0.8373480801381502 1.018931232902976 0.7529548196935884 -0.15916124214534466 0.20661156872520853 53.97647325516351
0.7284874197905025 0.9708557467601475 0.9320980052141248 0.8217803828353081 0.7806648435829789 0.21557407665584624 -0.43974951888477193 1.0150045512329788 1.25870533066939 1.0225725809548958 0.8990869796692702 -0.5850033869320779 -0.022664002788709448 40.32330405967829
1.212402885380384 0.8779918061538162 1.3990538325349489 1.087797980289182 0.3040459496701355 0.04043640140135031 0.392234394927659 0.9179375058197703 2.3198737079001006 0.9724393468014104 0.5191679413890654 -0.4252766557732868 -0.16918361571622417 36.42994085266802
1.2918503736389884 0.9881205184962735 0.8990356268432443 0.8515657722223052 0.8503053764869023 0.45971436325942827 0.4812749388682078 1.0065443148905697 2.2977003730332632 0.970011696621974 0.8057284961838274 -0.5487924948702936 -0.03793142336114441 46.13034571783799
1.4501853151864696 0.8150610033442768 0.7995429150707098 0.5456976048472308 0.8297128115641683 0.0155357153420109 -0.16810255144231917 1.018107814699611 2.1121434473321417 0.9855204945906944 0.6283363863686404 -0.20811889082891627 -0.18209647537986126 42.459971700448534
0.8576412763479555 0.9843936166978626 1.4200119845333798 1.1445638275130425 0.862402906833112 0.030164318505587248 0.7997387826357052 0.9690761424190452 1.1305558298123073 0.9838805719946293 0.4318182711667843 -0.5599515981309117 -0.20233070531013891 43.49287632022411
1.1674142412499955 0.9858536754518954 1.2048034731364656 0.7396554920920689 0.07881468107683558 0.6912873952480256 -0.4226969467089579 0.9849911825775476 1.3735710226380244 0.9826325994111482 1.004195209136103 -0.5021777903362079 0.16442982801241757 12.792162485170714
0.8462250469337843 0.9648464778065942 0.5212748333042969 0.7551404471699226 0.1731067802451549 0.11079983750420891 0.9844346374328152 0.9474541324060031 0.8574564467572043 1.010355487090662 1.1883191848580457 -0.48117680954544895 -0.1599526090200477 10.345130315770476
1.243746091781887 0.8888798218594022 0.7520346454782127 0.9528494912681361 0.6188981038720143 0.9780288483802004 -0.20724631833426965 0.9183203297483156 1.9167210104615708 1.021080138273745 1.013306934947699 -0.5397570496924309 -0.3095355257088792 31.15456708492949
0.6006227015062644 0.9405611718386463 0.532206725207235 0.811158035919738 0.9417152854698868 0.9429071542958072 -0.08166899914163961 0.9564162723211577 1.501300441690796 1.0092196330202772 1.1184505410434384 -0.19023812987450367 0.2909008639682515 47.54614078715282
0.8029402415732098 0.838502276193377 1.0540303268230586 0.5001192896119706 0.9238384122458575 0.13399507203915326 0.7491349781820948 0.9839450069077249 1.5773189564782877 0.978163324890427 0.661591314648884 0.28589899962702725 0.24460312736907414 30.443077747307296
1.3715072242717077 0.9591320288228948 1.3336992489523734 0.5335235566519881 0.256675352311891 0.627095127437139 0.7311201599103909 0.9888882689387002 2.056448997602094 1.0041659783457677 0.7045690363346366 -0.47582230320938645 -0.10636707812457599 0.5802095649957969
0.9515440430496269 0.9781322668079071 1.3852412161791203 0.9888851011539135 0.7410676631270307 0.4862380862827381 0.6047144034869683 0.9072289100816994 1.1754260819701072 1.0208148054900523 0.5322472215538363 0.15728583752153857 -0.1469342058300466 48.96530480272245
0.5005725690070809 0.9036511361366563 1.2244282216191404 1.4762793991816596 0.009281199307811974 0.9950789564041531 0.7105073819380787 0.9327716247448209 1.11149272358301 0.9877256127524864 0.7947197766808989 -0.27530077772283684 -0.27414625667788634 20.56525433975889
0.8058076711438844 0.8630408382533069 0.6815873444792595 1.0556553599537428 0.20655390532772255 0.49204973692523846 0.19855422947382873 0.9291181849162816 0.8458095090991585 0.9708535702933601 0.783659295824092 -0.03341880412673637 -0.20643238496291694 20.84647424190533
1.2592764953167652 0.968090473584023 0.774903777795714 0.5253389420050071 0.963823248329628 0.5201828853321433 0.7904439196010331 0.9199449944947392 2.5253287885446882 0.9957908421410565 0.4686485734157072 -0.06299810667158434 0.15545894116168435 15.280534041555674
1.2738709747009018 0.8264334949995807 1.2272377359444246 0.620875542570275 0.2021648280877062 0.4186263790679927 0.5724345844036693 0.9310536561791521 1.7433518297122004 1.0023630229547096 0.6674949302513402 -0.4269321928960903 0.010415169500380517 32.216974447489186
0.6988110648832738 0.8350031975500196 1.3675900314723122 1.137840413893291 0.9588756935581788 0.2244161132350332 0.6481375428695506 0.9802458311632992 2.44702400153972 0.9897307679068554 1.0510130118771808 0.2506504447963148 -0.12888363834014316 25.412996371418707
0.9061070070881195 0.8691362259859959 1.117753372860293 1.134552249677082 0.6715267223174733 0.5342064202318908 -0.2666724506872483 0.9830670289010998 1.8400584498326809 1.0243757886157505 0.39479007792948567 -0.369566632036344 0.05964193447282162 40.95405911461567
0.6715189290174262 0.8836292809877063 0.7480718364830685 1.2237435982695088 0.11850547346487902 0.5704439955769361 0.038382041933253896 1.0024843359825708 2.3713188025907312 1.0249859575997284 0.6453307036332474 -0.09367374233670522 0.3042500429858905 7.521486964221157
0.9975339366690767 0.8461551412557603 0.7248055604670057 0.9672392037203627 0.42796765983327295 0.013451440082181005 0.2249130938569427 0.9660379981918389 1.719040798876051 0.9866147881987827 0.5408973930089436 0.21016864987272077 -0.0881217396668943 35.868443021009
1.1849790727938154 0.9582093947465327 0.8307781222025145 0.6563476637718901 0.23945427630054683 0.6011274576281079 0.10148949506822513 0.9098170103181223 1.5300157415191418 1.0174026600738733 0.6219107490557425 0.0877846706174521 -0.1123510052628609 52.71276549220112
0.8805489259299508 0.8087325064904785 0.8006108913677638 1.4910647554652943 0.681682125080515 0.5642096561420071 0.01902578456966375 0.9606154710977051 1.77793873525899 1.008178643203379 0.6578715361659576 -0.05097677400667966 0.2199252122064505 34.45099538923157
1.4203690466882737 0.9294142750401687 0.5738422989106999 1.0537837965552175 0.8353552165794432 0.1430825413346289 0.09591528607870692 0.9456754431006018 2.383184843904972 0.9773746387989699 0.97283592083851 -0.486960109818755 -0.18960589771169375 14.46844024953812
1.3415309259653334 0.8621633285154142 1.108974406069839 0.8053060261241012 0.5187172549593877 0.9663003924035642 -0.474454317170728 0.9445325103280997 2.36244889313624 1.026074531570192 0.8623504624596009 0.2557738754662917 -0.26297200066549803 34.86504534360316
0.6442605873432286 0.9265121790815798 0.5455118698001183 0.9137398907955998 0.6443518662597711 0.42452181134014455 0.5728469771514888 1.0294138979437977 2.02405917814459 0.9849271313666821 1.0310076252472489 -0.291923109068521 0.13778124733007407 6.574969188111568
1.0235374942278859 0.9185609867387712 0.569196148516283 1.4683812453433476 0.8695499067387543 0.9543659292044561 -0.49923787218855287 1.0288272081834031 2.6231732384693096 1.001517051691649 1.1921888369867424 -0.3608284072761271 0.1785045871363224 10.773687346418544
1.3235930230996846 0.8139215787874321 0.6379962169699549 0.7852636771041117 0.4158304678451803 0.6725055634456064 0.9080015085892943 0.9040370172343024 1.9010210405584214 1.0275825697131529 0.5755985819256022 -0.14533758662352436 -0.1880490921523509 21.187463335926772
1.268775608261917 0.886904484148626 1.0431735036821819 0.9242883576919475 0.4688598400353968 0.2808857968982909 0.5963429451858298 0.9617456030874809 1.1504215891760954 0.9979040469923071 0.7138277571934633 -0.19764692347352125 0.2660675023104065 2.3201040044676597
1.0686402514550948 0.9339067986875167 1.0262579354872414 1.075654570668759 0.4513654920177492 0.9190890174734623 0.9506120984713189 0.962348905374909 0.9305477011809073 0.9745071589787876 0.6117580019612769 -0.3094625691558183 0.2811811709768303 41.53239864708297
0.8378546378410028 0.9122530508512392 0.8725725619808262 1.4036147990821854 0.7549764213365621 0.6817186413639094 0.9590191627764306 0.9282357624508571 0.7955036757645957 1.005134743970419 0.8142934102226156 0.21767568844465623 -0.09687966257622593 57.11164563134973
1.2875369708509135 0.8724892045236574 1.0666339721520823 0.6923826579463582 0.474777726861923 0.7021254948286482 0.23455466598942143 0.9990328443569841 2.5796106318876224 1.0055462473792431 0.7876037425045412 -0.054696166097244925 0.1403741077876644 37.368459078657246
0.5386190948283482 0.9313197879682215 1.0024300838826217 1.0805379254551093 0.2911604334401308 0.5180073580295674 0.5258396253340345 0.9941065912918412 1.423919489220598 0.9870975085729523 0.4816378396740245 -0.27431730850462976 -0.19838482251285347 1.848329843346025
0.5265786867507969 0.9543528590709611 0.9462583587555229 1.2050669358753772 0.17520663728976935 0.7679418961534918 -0.34158815493721933 0.979780464204498 0.9791775419617921 1.0109184385513592 0.5273495286279373 -0.21534417511654286 -0.25161984974702656 16.54739085329822
1.3845032643834865 0.9517494098120011 1.1573918104782508 0.6806622441659158 0.4973295628004405 0.5409431114635604 -0.09422571770222032 0.9738868874923177 0.9002808603561281 1.014850830482759 0.4148942766176188 0.05802519883212287 -0.16489975060162215 46.297383585308616
0.7318336846711984 0.8336423362690979 1.0580352931032175 1.3930888837609632 0.16501046132122069 0.6339432076904302 0.17152982099391434 1.0253704713202574 1.5198017902797936 1.0197916679915855 1.2166366485697044 -0.015175974128528447 0.2981706158775341 17.15485802407099
1.17280620422861 0.8579875490974769 1.446851790304538 0.7813045657578499 0.14207264065518146 0.8174583933353538 -0.05421585173329735 0.9528162916058426 1.8030577935810332 1.0261273427080677 1.0998943468733176 0.1914458226683755 -0.10544586742803308 5.762853907076526
1.1326296751356846 0.8875875932169546 0.5834278352981892 0.5196115320472495 0.277511639655739 0.6238636491449725 0.8076713394855743 0.9162545004951411 0.9592980534393536 1.0155951628660398 0.8387980018468366 -0.3357964307923691 0.150987361098802 12.202613216061023
1.035309742269002 0.8782544791807272 0.877726357063386 1.3180935065149968 0.8768957443715656 0.11602786760119656 0.11713913961492795 0.977351586729405 2.2621224095951717 0.970343381132246 0.5615495440547542 0.002604976080295418 0.07100384202260412 16.138105575770748
0.8920214771363701 0.8825571558200516 0.6470582989958337 1.2922268250232465 0.8336970314527896 0.19583446434394136 -0.2855666404694309 1.0125579497133066 2.0706499502474136 0.9829018442928322 0.5926843928567738 -0.07704559080508488 -0.171968599582651 5.655481053096959
1.4763393357984023 0.8746866918074266 0.8470177550680357 1.0157454111344717 0.8435048369385652 0.7229237393076774 -0.4078400025428689 1.0135436426615372 0.8226852945146815 1.0255034590759957 0.72851897513097 0.2060879066979735 -0.05836005568212249 33.64600291755583
1.393575010180605 0.9241477149912829 0.6667428364008707 0.8787105049413659 0.22994363357069178 0.8740874333106614 0.9711894545090014 0.9767282124515932 0.8109603582212895 0.978691478666378 0.8853361222220657 -0.6375482666485128 -0.30068098798333404 56.726848158138644
0.58190654403536 0.9970149008522753 1.3187368409098954 1.0612823559890725 0.9899651088957916 0.4013547419474262 -0.21286840528989637 0.9016683885484714 1.7862122805034233 1.029500343734289 0.7170151841664065 -0.3493002394764567 0.12208017919826508 51.160379813385006
1.4745339247627893 0.9287669786467977 0.6176379545228887 0.7014700362037375 0.5051520693027565 0.8069019861534134 0.3452524202304985 0.9032241272012632 1.4307825476780822 1.0101625357881574 0.7212016383470894 0.03157160213042143 -0.054691122095531675 9.010760909995469
1.1280874228428845 0.802287416421479 1.2570869859539862 1.4741193473050975 0.5137783647116199 0.4455023948756851 -0.062337842253599396 0.9157992046939529 2.427779747005361 1.0120885546025045 0.9809563217722939 0.26898459921857654 0.03726023085111524 1.3280891756505968
1.1567008550783808 0.8053096333545701 0.6271396036768933 1.2044624482706807 0.6063449119942493 0.27011438139744715 -0.36079636107679186 1.0142979220172972 1.1597409148700486 1.0281598007684019 0.9351732368635952 -0.3139785639879855 0.03582614507507659 45.64282123426469
0.5240990249156695 0.8208697575340514 0.8297179567649413 1.0400824321359345 0.24989885698794462 0.26750485161689186 -0.401610043557351 0.9095758523815177 1.6196274477076598 0.9737506719342609 0.42373589711203963 -0.10677140368690097 -0.12304645376343207 25.105759678539723
0.6855740342508501 0.9445785746806693 0.6526849995058374 0.9423006531624012 0.13304824320244207 0.32914950063717513 0.3279430851144056 0.911952230921744 2.482714735108464 0.9719905618929868 1.13400631641723 0.024192657834925968 -0.067314080689166 4.795086276870454
1.3897757557058465 0.8432328159943802 0.6005099006476875 1.2463735710435642 0.8229797002254878 0.9711530476500588 0.2749516590770196 0.9430463589967291 0.7835919708905317 0.9875176193319595 0.5285475415234053 -0.1867556395419695 -0.28045296939664954 52.43754407745251
1.002493504393506 0.9955806773095455 1.2405547197550086 1.1811612532073434 0.7398633451887517 0.6998293672692466 0.3529776442332485 1.0214073758742008 2.6061696837642065 0.971713687460883 0.5000040907579024 -0.42171728157697674 0.1762654904524103 26.658502277534172
1.336704061521299 0.8214367068127771 1.0784141049084905 0.7403898134597913 0.16365579243279357 0.7785405378398804 -0.2290918463191805 0.9591733031496699 0.7505948813090165 0.9723736549033137 1.2098020079231553 -0.6133034141355226 -0.15749905631239677 31.87204276033222
1.1098472365484708 0.8602555768446226 1.4598216134420636 1.0960035526499197 0.8731105828541005 0.36097905346476744 -0.038118652137152154 0.9231296409347308 1.9426562028332461 1.0089009101802686 1.174463217113939 0.08174480032315168 0.020093789662109673 8.57924133766293
1.1854395414580794 0.9622134063462182 1.2923572405738897 0.6390211236392771 0.3473945617050717 0.08739477312876719 0.24948016303561416 0.9126693573205023 2.3176924785411765 0.9891648854423206 1.220565136152262 -0.26541067938771823 0.2323952370083266 21.717230367524262
1.1201502322336245 0.8963150177594006 1.2542362706320103 0.8632919588077843 0.014075108948215669 0.15463251549723714 -0.233917001907319 0.9781695221821316 0.9152436215662835 1.0131736956980315 0.5059788009731574 0.1893588106475811 0.307361827111483 44.98407396953728
0.7746972364232274 0.9488809411702529 1.4432555076230784 0.5552975710303478 0.5907495625098474 0.2864883175482829 0.926033237979428 0.9383687746056641 1.3193697547716499 0.9843684742433668 1.2297131407918231 0.13647534747751378 -0.04449249061708255 57.965620251715336
0.710140731542026 0.9005604754698969 1.4728360187639384 1.4818343764229605 0.7032326081261527 0.7573224091306711 0.44735991330839575 0.98199745280044 1.7743704336946917 1.02228841838691 0.7598125904852275 -0.26361930081786916 -0.025574438378159203 14.16798826502557
1.4888653119574786 0.8064780332042109 0.6230062979597953 0.5857077742514494 0.26163561129167817 0.7293752900200826 -0.2513117832957587 1.0084580873095683 2.5472273280785043 0.9989672467415274 0.5653272800395497 -0.5300470565093733 0.28905060733633553 59.394195761908335
0.6283817934191698 0.9190100526428796 1.4095846754543806 1.2362113378911412 0.4588843400553021 0.6460040411034915 -0.39294884056603935 0.9420860108476571 0.8766281200694815 1.0234794903438924 0.9492052383041648 -0.07254342185635176 0.007412553590352811 33.156056083350286
1.0945948721539542 0.979601587675875 0.6644769531132773 1.0749938055723747 0.3543794854416873 0.25538035784720553 0.41546914692927706 0.9082015137940131 2.509423361091249 1.0059228355581695 0.8435476710171268 -0.4084615494673324 0.06316680219630655 1.776307885143743
0.719552669116156 0.9210316887659606 1.0648657592856674 0.5537136317267325 0.6653227125200172 0.2273371378308908 0.5320263873872115 0.9787813056095414 1.2897759920651777 1.026517652533296 0.4644457844664882 -0.6175301050716555 0.08965248075286836 57.37925735726825
0.6360729611010157 0.8186157340312464 1.1537990904269626 1.0031630688453936 0.9145361191869477 0.1929243634225769 0.7229643283313973 0.9715602209829186 1.4537356457569581 0.9813088360074593 0.8187245012320952 -0.3786980021089839 0.053047437152038024 27.26857083331851
0.9327130890036084 0.8975425059725374 0.5910274632182866 0.8559596865757491 0.37234670261466635 0.8130362403188254 0.7604205123117018 0.9728621509100547 1.028069558050621 1.016513141215007 1.027542902916621 -0.12435465564855142 -0.04208432070002027 54.967299913649114
0.6809391246459836 0.9425533729923512 1.3246365868522938 1.3473357200084712 0.6468746336421187 0.8588454810551102 -0.3020811115442763 0.9687739009605587 0.7607522945348806 1.0117229979506166 1.168989321056537 -0.5210059051540359 -0.24689567872819101 20.16521275583338
0.7361648447907512 0.8417659670835094 1.099936688739762 1.1740976642240695 0.32176815737334136 0.8399703003376469 0.30784287693755763 1.028614641286887 1.2095724365478988 1.0113326433012535 0.6960647429918023 -0.5336432625478591 -0.05248309289386549 30.65659849792111
0.5669032439266217 0.831473792887472 0.8071838352902319 1.4326822257137248 0.08603110945835823 0.8786379770213072 -0.4696304362046793 1.0053084978609494 1.6610461168339188 0.9893917930928299 0.9677029363393101 0.09600977947084655 -0.015214603895959744 41.18108180309127
0.7567927409622068 0.902921433273489 0.7197279958031254 0.6114349587662038 0.4412545844323672 0.44279308231203235 0.17883159041172914 0.9832557675189617 2.196632594107854 1.024193277801195 1.0733770110852197 0.04194969506089674 -0.23701091722860734 16.214906779195676
0.7518720691700016 0.8043513124911411 0.7866418327639968 1.1146904215060052 0.8550014545855288 0.6440679889557684 -0.32463271309440095 0.9373233916375864 1.7341488504628484 0.9998298292180471 0.7355440987245201 -0.13161190078091023 0.18261699886657207 43.02999462032237
1.3341982347104344 0.9413316352446122 0.964414015335596 1.2123885919848547 0.9327160396240352 0.5536332321347824 0.838490975693853 0.9953910529489259 1.3623411154390244 1.0150854874699284 0.8963979116133167 0.11083886034887436 -0.21984753494477613 53.634121092120125
0.8662008794293957 0.8738786099061364 1.0229217242122517 0.7102635166011722 0.3839786773189364 0.9215861370915781 0.6355564370309745 0.9924595844551882 1.8815722235520909 0.9935572524183796 0.4758226628167457 0.2351089357647077 -0.22793091605528287 4.375446354778598
1.3277343735370757 0.8102515574830951 0.729538035961136 1.3306577828721826 0.5602594598649553 0.3747679678470681 -0.45492240080912016 0.9300618342643437 1.043783291465699 0.9816533352150256 0.4621875940615572 0.06849928750355205 -0.04798675431007532 23.153701089716414
0.8970650639063422 0.9326198597849441 0.8133793703070779 1.4956326608653376 0.3132870155799149 0.9259264269855833 -0.12246167449003365 0.9766751604348808 0.9494173714837539 0.9792153625082575 0.44776345686012364 -0.17677446064749752 -0.17892565572474278 0.8888079885302816
1.25428228694265 0.8901307767576733 1.1046194430901282 1.42294590292721 0.053115569726890126 0.5011465610324033 0.5639973178733781 0.9317549888606791 1.4386900137329324 0.9932482927875959 0.9277453809910622 0.11712933583609642 -0.26060082772781107 11.444650410780044
0.8626936295285949 0.9490554246487702 1.1657593461904472 1.3512500609971834 0.1045519670248907 0.596303015184784 0.6199942524180133 0.9270117703170211 1.5368503188138494 0.988341449005072 0.9940728964992531 -0.16574560422552248 0.2005022415259417 55.281878313571305
1.1916140841954865 0.9538932147880076 0.5614194778486125 1.1640853329210792 0.578473829783668 0.29354505476399945 0.402667847553271 0.9057216223790198 1.3448422207645492 1.0254856655398388 0.9849338934790209 0.15753276514044778 0.2504512816008823 29.6201716087865
0.5774166766100037 0.8407505325068327 0.9740420034309714 0.8980576857415628 0.5005133907204302 0.6390343775866192 -0.34958852501564536 0.9759662005851238 2.2681813712505736 0.9759960281622699 0.7720649740353348 0.025699005559101318 0.328395488294182 24.45194705002576
0.5155575894518744 0.9118509966021358 0.7688854579841409 1.3889672706410372 0.1571816061646807 0.16984558265965033 0.7784036983555813 0.9193146917199807 2.4228849148257323 1.0181032743091398 1.1648394226319274 -0.30725660282222594 -0.03358487862851406 54.45635621150515
0.6131749804925523 0.9010475034213429 1.1370501265109638 0.5755016341156148 0.7632492376135824 0.6127784481285266 -0.0143138998325949 1.0043454063850479 2.2309215962801003 0.9769299865505517 0.9261212873186481 0.292415282624651 -0.011596213989716386 43.74227668540094
0.6236453675188376 0.9999609182412514 1.0089204540682497 1.4199967676828749 0.7918049233023765 0.12098268340325982 0.42340749116240706 0.9262547652179137 2.3333380637562553 0.9946924015818799 1.1082536004785968 -0.4490530873895451 0.2144330054461589 5.057725250000018
1.3051910767834467 0.8989348254572909 0.8155517154527276 0.5950200032064349 0.2659807732815402 0.24260995249869188 -0.19906871561347445 0.9047024770997777 2.0975371511124314 1.0075491914913148 0.4414495223772725 -0.6294816712476939 -0.16513507769615882 51.94013465474376
1.0812058256091945 0.8074054538756225 0.8226775452423851 0.640556177265373 0.36636591236897836 0.47986656593914195 0.6430567548953969 0.9915911435100984 0.9261694731816116 0.9912960793871584 0.5903576210838933 0.29978673674319456 0.013417690655329162 9.538240159751748
1.1374812894972472 0.8234421013649996 0.50167438851572 1.2347337881591074 0.5483971350540017 0.7930867765552327 -0.07055776354316501 0.9427858466594046 1.8540358306282054 1.003342359608239 0.8260284758913727 0.04371620551558775 0.2596504668611041 3.365174512532141
1.2205053070827871 0.8327964257571728 1.3642957303356043 0.8919639687357165 0.652509762688561 0.2538681919846227 -0.15726978169078443 0.9174951795674215 0.9693968954636792 0.9964060096017772 1.0967248326253105 -0.32963033017965593 0.2238063804286397 34.504071527630124
0.5859666173867696 0.8683220176809278 1.2113486032494385 1.0307722496602116 0.2526329380103665 0.15671779993501056 0.7880272749208084 0.9643735433673046 1.0707235092349427 1.0179965149886974 0.6815466507458516 -0.16338997899460755 -0.00889541772355168 24.60988676545916
1.4911570489932795 0.816585973178369 1.2454782435187184 1.1277271156680666 0.7755014237775473 0.7372293500054361 0.7027233401241291 0.9968436666640548 1.0382656464716677 1.0125472934044446 0.693691196698347 -0.4909546125165088 0.12727162385314278 27.65292517701825
1.2379690817157085 0.9458471230844723 0.7337568978210073 1.2746937663638653 0.33282233421693047 0.7509109140206869 -0.07630741896377885 0.9378522557751093 1.2317981494171422 1.0005082924243724 0.9760261179989059 -0.11361521762143256 -0.31703596155019137 38.20246216636943
0.563446189738138 0.8657788353392143 0.6430973324465576 1.3271805365180946 0.5599113537122936 0.8649055269821527 -0.4420304079184711 1.0087972276539883 2.408429710868465 1.024630680342115 1.03948826528625 0.2799062273106546 0.2959184928532212 54.88056759667051
1.2991631501621794 0.8287752979049697 1.2878326190533778 0.508178068176175 0.8862297948239447 0.21168070018129664 0.7545545164892467 1.0110727360012464 1.6979932436196066 0.9919515916111448 0.458484208660212 0.22707610131125056 -0.09964555964905836 41.73755479644879
1.03209466301861 0.9108766104952369 1.4680165621264405 0.6045210922215248 0.6779103504012834 0.09800049845244746 0.5171657415079736 1.0154202478025804 1.4859546531770231 1.0094635681171666 0.5100384115277001 0.24362132185560093 0.2286007656955133 49.42381730941702
1.3592150493185744 0.9084724116458288 1.086796312206007 1.344447814342018 0.9983829386039034 0.7636454302861527 -0.2905482407117911 0.9276616903750609 1.822640210932674 1.0173960720047113 0.6526830496747077 -0.004754412487970261 -0.19556071865497834 53.2785509393115
0.8140215308327611 0.8999590852914698 1.3591941873020592 0.5109312809623551 0.5802645981876862 0.038069858091107904 -0.032935752829875486 0.9747127061087132 2.597648771100749 0.9749196593235782 0.6896776699976328 -0.34564705360636366 -0.2133600167788292 28.129934281649934
1.0071682869946987 0.9699378231151473 1.4923738100884716 1.275360943368797 0.33601985634393206 0.20457513125877735 0.06926942026725946 0.9391866843016576 2.201400445466505 0.9994077060687072 0.6391536055859484 -0.2590943215233542 -0.09113891051224476 47.23866372811113
1.0511478790712938 0.967063160571997 1.1713367242495967 0.9494796180955234 0.4335586448359957 0.021507693118797095 0.5400846968303028 0.956982865774843 1.4138213512039082 1.0096255066599147 0.47919912040146456 -0.02872546672221865 0.17213675273068013 36.614943298607365
0.678016104199284 0.8144439152439137 1.4839408241698846 1.4050854388852239 0.3964540094527807 0.7416395355061624 0.5000733004498545 1.0204950060965379 1.2747924293864485 1.0158735612718908 0.9174061698302813 -0.506240620399875 0.23608295594010303 59.960309779610384
0.5409225422591661 0.8019555611677783 1.274164305922715 0.7275774763445799 0.928843412791492 0.8873470274647881 -0.27639905274569987 0.9439636390952794 0.9044294545398055 0.9975140546332636 0.6434234477119097 -0.3182652397869846 -0.11914894238467996 30.141487241751257
1.0786684758056808 0.9091043625722848 1.1623233107530586 1.1664171071497793 0.2971312446165434 0.38679685661699564 0.828167699895688 1.0184166602232883 1.3293609606960537 0.9810430593442484 1.1569749195191696 0.018108455705254878 0.31233634814669237 50.710869346599544
1.4478350370646607 0.9737174923882155 0.9794882461827201 0.6328460660122227 0.30748564553418145 0.8828459477885516 -0.3552738622168957 0.9398491358222185 2.0092164528132037 1.000603946748083 1.0598929666655938 -0.6432283594765869 0.05184568996700334 13.430459800664634
0.5907644877755744 0.9763745588328526 1.438216790489745 1.2698665917518115 0.9784397267424939 0.04582128668137911 0.35647791162236697 0.9448939498594803 1.0512635727910662 0.9739811037262608 0.7581028550638795 -0.13696491134751265 0.1325919402181699 6.656022258691833
0.9038054288746731 0.9613012955493637 1.2095531895527265 0.5374629819355575 0.5201194047556433 0.8970426177506278 0.4314180095232698 0.9813271545166274 2.3037129771895097 1.007433074570052 0.940939402755174 -0.2503466469140591 -0.22284278833256407 13.131047243264728
0.5462347399252139 0.9379505330368393 0.9960182925900667 0.7079861631545673 0.1454662461204193 0.9135167292090923 -0.008118259697372787 1.0200271796625209 1.626124299622127 1.0204213658725092 0.8009531632959228 0.17109491190501347 -0.11624064211256069 17.621437188671063
1.441336800206028 0.9900237630307247 1.2621915939876656 0.7917106346722607 0.5964493911171397 0.4134798427545097 0.3802841021252572 0.9513492157229202 2.4039271836001532 0.9800871446599788 0.6702927314005018 -0.15317039159829587 0.08095946999304748 31.579360973098677
1.1118122108604036 0.892064347166737 0.5964526737186997 1.4454021484653934 0.5681907113301976 0.6775674529941614 -0.021391678311281137 0.9153916738705232 2.5640613355993978 0.9851115004875597 1.1231538938035404 0.05692939769014993 0.32626037112821465 39.78724182204218
1.0731923560261207 0.9224192797069887 0.9179216112488269 1.3636363822384903 0.2862976484080426 0.46958152632965877 0.05304598640250435 0.9573176930683416 1.459245993035064 0.9793594322314031 0.4029991349932764 0.18267042118095367 0.25369814065109736 22.549316559760115
0.9151382794515542 0.881561006854331 1.4892609069455993 0.925697914778755 0.13991813331281464 0.34272953680354684 0.9338769305603725 0.9037803213299928 2.533474234580683 0.9763957284947639 0.9542278189880276 -0.011048010004587216 -0.08261780701918275 15.714783193580416
1.216976500257013 0.8640901810729711 0.8626648630976851 1.4512110367216469 0.9727261334444203 0.6861479834201938 0.6846374239017903 0.9409278904547509 1.6029678691753304 0.9832112143483649 0.4104638404318946 0.10943495646120238 -0.2994452497699845 48.83158648362141
1.4813787417567 0.8582542819597866 0.7029812002483979 1.4404796675248397 0.5533127733508826 0.46064613827758266 0.14816784679518136 0.9538439135729084 2.5692645440865682 1.0013948977482332 0.5512377110625944 -0.22170887387249383 0.2170122108783143 51.355490022326805
1.316795510451258 0.8954874250010979 1.1823093713924306 1.2434139263915074 0.7196395255609227 0.43770097069923297 0.007339529852044113 0.9877307314234298 1.954307827049733 1.010548861598873 1.2372685953568208 0.147142969563947 0.01690132295348845 49.65657516065762
0.9273763402207219 0.8558421823333758 1.114424587444038 0.8848065498571571 0.5289829875674159 0.8049317413810307 0.1092406153177723 0.9321245553496686 1.1361353340999691 1.0046506733786964 0.7470119608175906 -0.2983451041338072 -0.28479546599381345 45.34747157720827
0.8166258608253327 0.853323827225395 0.9377637068159663 1.2976442679793294 0.6254298416637951 0.7855349589008412 0.23916942925639384 1.0028623122627827 1.2281995101938923 1.0272201147021187 0.8841225180223332 0.2618582377159261 -0.018005044871373332 37.97779743515811
1.3031575777558382 0.8342967682857174 0.8389952784366563 1.3105976994511046 0.06505689631667878 0.8259155430035596 -0.42790527585037713 0.9412136685797903 2.4571201149122937 1.0193764527924924 0.4351247717289938 -0.23320474123784274 -0.14858005044638312 0.9065585115093622
0.7834518949740461 0.817710114837786 0.9143095785551518 1.1860379801861092 0.37738697135352356 0.5833446027163515 0.26396134030124974 0.9586620929513247 2.0469914135483913 0.9939101801411077 0.5467656654098814 0.1997624922193676 0.14597196075831037 58.69352246963512
0.8348998635657787 0.8672329601734678 0.7949365623164101 0.6295060999003061 0.10912679594567827 0.4527424145798711 0.8247891639778788 0.9543769809679693 1.8625225419389546 1.0199245323306134 0.781118016353837 -0.4351404224385812 -0.11190432856604193 9.622650355257738
1.2056448671094917 0.9154920055510314 1.3708014047924086 1.3760385740281034 0.486079669131135 0.2982086026161047 -0.22246536836614128 1.0067081816569416 1.9255837256272568 0.9882763161466613 1.0224921735433008 -0.28460852922097385 0.0847492695719052 16.864897716375136
0.935936923079661 0.9527138998458454 1.0155041683178656 0.8466608122351265 0.6395228657104272 0.23385325297300125 0.4681646457906682 1.019123760850122 1.9113189509046593 1.0062109954302036 1.0670567276795355 -0.10273579102968478 -0.23249099788947447 18.245918815363613
0.7417349935429378 0.9142685974774024 1.3041080260196571 0.8896168935702227 0.19731804236963643 0.9824719748095729 0.16340114705700082 0.9706763372401784 1.4673046423582243 1.0029085932814652 0.9968449620588803 -0.025700691648745888 0.18493586112890897 55.84797733406271
1.2316480377920065 0.9171408751901813 0.5589607081264697 0.6610404546655976 0.3625083906150377 0.4057644268852274 0.1329849451648456 0.901108289496376 1.7033565998315143 0.9807948318101662 0.5970376188344466 -0.6092606437851196 -0.12579607024174724 39.94025872883301
1.1643580184445779 0.884063952081442 0.8516539427326307 1.008230327044187 0.6557186011791389 0.9091026463254687 -0.09532468379180215 0.9723339107983628 2.1173300696238355 1.0297444865243974 0.5870094013944653 -0.5104634747056962 -0.19462506679505948 18.719617599243183
1.0985872226177213 0.923347281286704 0.9408722002749994 1.0659811424435413 0.11340316660554767 0.08188796225167544 0.2562321270731618 0.9894118466977516 1.279866384502293 1.0018648925072369 0.6248072480970601 -0.39860387347264503 0.18823668899339246 28.667722762909353
1.0149530594448506 0.9566901154906191 0.5083680014230506 0.7688930188911476 0.24106345160371878 0.5457987148130704 -0.48906704647622823 0.9974304188252219 2.1829306103955832 1.0084536808929947 0.7899942817081096 0.20148880560230564 -0.24200279615089315 37.16492607704347
1.0262501940626727 0.950382497841048 1.01329958249375 0.674438395028577 0.9548125747446727 0.6552303889610426 0.6631109400370581 0.9523772284516431 1.893689711529634 0.991652189141032 1.0144011002231301 -0.28275584670430426 0.2622502522524078 29.705912830346296
0.851732052389939 0.8291434301388297 0.924722554649777 0.6510369978618482 0.42393994467984936 0.31870431060402965 0.09231401008594475 1.0018155096388572 1.4797743746605359 0.9712592696971734 0.9093084977029341 -0.6217733167118256 -0.1530734416322184 11.33715540331301
0.6315647951812526 0.9068971244826542 0.5384569884287749 0.543233772999912 0.494014732898773 0.42613848267887733 0.8655480204443216 0.9090549339726101 1.3112677554371648 0.9860080406530637 0.6829478117470236 0.06692183713291344 -0.3147452166761374 34.137682393240205
0.646766967902048 0.9946958653034408 0.6141524516685596 1.3699413072589177 0.9815704582088814 0.1397119844546199 0.454344565365555 1.0076832117936652 2.2893705008239946 1.0231612422002467 0.8364805060232877 0.13314084067866494 0.26779901378782117 49.91696487518909
1.3698848736467875 0.8425059369362888 1.4956583241744412 1.154307882464399 0.23103814374412485 0.3512185465557071 0.6852908740754671 0.9252776858775763 1.8197683580389952 0.9732631707411161 0.7385613270138509 -0.04250643717125269 0.2755258029796835 7.494123677355612
0.874491581645186 0.9872908752281782 0.6878119959846241 1.0121607836872104 0.05504080252199335 0.7343699973278428 0.1292644623032282 1.0007291269742884 1.2482317503819846 0.9904085200252972 1.2335995512512294 -0.5698370666248069 -0.3205770001985162 26.9710942419125
0.7902880206322451 0.8392857758776824 1.1220963723936634 0.750280896250582 0.4601628619474795 0.5060158848448418 0.4654783772975635 0.980778438984106 2.0760657702683036 1.0115669972992296 0.6323711397671337 -0.6015861405244987 0.3203764290873891 3.7889902741226296
0.6663242531989565 0.9556412353770037 0.8943871956136529 0.6075449946791511 0.5307834210194233 0.7153608639867658 -0.10457397503954213 0.9665335532473462 2.3444711674898473 1.0038182976318122 0.677484406564254 -0.11023835094095247 0.024719861368029727 31.428655845210223
1.3985356279775778 0.8253555925959717 1.314239573076682 0.8720430379690455 0.40246930762252314 0.17701882061266586 0.19536628591373606 0.9553650101422196 1.9512979804095698 1.0144488203828912 1.1328794742758932 0.1420712789306775 -0.20918445162108396 44.19743855723782
0.7789289862865827 0.8568907652344228 0.7568946399574638 1.2894764597581294 0.6026726143700353 0.6679332109023072 -0.33456652225057015 1.0114912394965765 2.0133752848104325 1.016019190183775 0.6090118508979762 -0.3599462382375592 0.13178244433004238 14.987147979428755
1.4157681025844768 0.9579443799442222 1.146516864316895 0.6996830194768612 0.3878948997179574 0.02800047408352382 -0.4831545218708053 0.922499963442067 1.7571940249814564 1.003087544218519 0.5148132069509783 -0.06976410530931043 0.048004938550683884 5.398598270539883
1.4014700189392193 0.904762782126618 0.9073613634191917 1.3951891744444518 0.4793325030971275 0.5650181508164889 0.8749867688152484 0.9673377994515869 0.888337420357949 1.018356235913682 1.0532812631988682 -0.590848276721408 -0.32489091538183534 3.0702543137548504
1.312751317461637 0.9075299802854963 0.9253459463277849 1.2806434364833936 0.6213905934106346 0.65454082788605 -0.1349109797348233 1.009442190253643 1.7508092319011688 0.9940397979603128 1.1473047434485604 -0.5547659110134859 0.0730927521783894 39.233532876015154
0.5745776855970683 0.9277345198880096 1.2189181761467955 0.7472791936399146 0.7240066732411212 0.33912376946486744 -0.4147475525430023 0.914462475206043 2.126034823576065 1.0290132321448089 0.568202992338012 -0.09431019016480757 -0.09423712975133863 59.56764488294614
1.1532550416835994 0.8455955398505205 1.0353511202144519 1.1452096515385215 0.15311124633154782 0.37643411504752666 -0.13241652093676193 1.0118090338753034 2.2124774520012895 1.0141886463216723 0.890507256842937 -0.525207884668391 -0.004270029393977859 32.76002502894344
0.5514812944506741 0.8222551414657825 0.7088545431588031 0.5920137129125704 0.12554578218920745 0.8464283912331848 -0.2574002186857557 1.0222091680383854 2.1655011692294694 0.9787928293396485 0.9580998022712184 -0.5950683818809062 -0.29654572057883355 51.71154081181913
0.7650464036318065 0.8896147514631187 0.5504711559690569 0.79744452350586 0.016624105915555708 0.8205450749828966 0.8471579726992726 0.975154182277269 1.002598746915275 0.9733109655533686 1.074205050807945 -0.49406530315683467 0.19168197684745286 32.55533726022729
1.0559158954473644 0.824799141455359 0.9874675369752992 0.6187943514046313 0.21820661801162267 0.39045868434203734 0.5446339177944794 1.0100860274574144 1.0047499807536004 0.9927084640684268 1.1425731831573795 0.12078788459159728 -0.07548545136367818 55.74007847625997
1.3514780748061797 0.9461412347254399 1.4644587756156984 0.7737241162433105 0.6900559120688379 0.0025655243383455786 0.2803370277308881 0.9061596386591393 1.2120512138644608 0.9835277515165604 0.6521329781645446 -0.4384024318606611 -0.07091965112095294 33.43514954579308
1.2049013191824218 0.9962756113321667 1.280502676880185 1.3749114554768314 0.047731628687156955 0.6172946017003427 0.8500043987669561 0.9630738898599646 1.9998641421796741 0.9844643013023379 0.846440382959283 0.23152446309699348 0.20920446022873768 56.39929053665701
0.9929969379128403 0.8547432093664644 1.3277675900370514 0.7770526585356035 0.8074181773835314 0.8307995930618648 -0.04294189425140327 0.9653574734542851 0.8686360388091552 0.9886633417463454 0.8087903834970851 -0.12167292505665517 0.15328435734456064 57.83794719601266
1.103594955141563 0.9470390780982009 1.4034108029001007 0.8384786792335357 0.7292026942161458 0.3849431385597154 0.5567601555496831 0.9986417504481387 1.1068406781765299 0.9862623837707332 0.427512483636289 -0.4603901970180764 0.003366504756895816 37.78853436033553
1.0452829363113874 0.866385242387775 0.7145802458996227 1.1197151856142713 0.09073070231229645 0.7473158281224641 -0.186779712382527 0.9368412161195305 1.550638911982202 1.0286802458039317 1.1053702754912518 -0.22568593598555675 -0.2145329581044643 50.60657429073034
0.6199085928504076 0.876758810038782 1.3466217721229605 0.9579618360575441 0.21382691046955274 0.7985094495611627 -0.31979485154302656 0.92159898168564 1.540165286496427 0.9900562949714 1.2036240903047195 -0.2010941669146447 -8.305535088018456E-4 46.996448523803174
1.3779652326356846 0.8948308342751337 0.884246982959996 0.993466018786568 0.6996333221092672 0.24896945184009212 0.9658302360451665 0.9336042499861238 1.4079390683135702 0.9967493505132189 0.41970367308760714 0.2657085414902748 0.16710294662925684 7.015631016769491
0.9739831509974652 0.8374295641200797 1.4750263387301157 0.58338356463206 0.48304409606399046 0.20628814983250018 -0.3766905065300161 0.9485575812198406 1.0201978681257446 1.018767161853671 1.0807551520405252 -0.4058305661260959 0.027280611287067436 38.7386478701156
0.7955312047970078 0.8515771004881018 0.9654715112755544 0.9039220100702587 0.5889001942397665 0.4735809281523826 0.013478450323017865 1.017299084251407 1.3522076470034325 1.022933941460484 1.1289744458787596 -0.37258950697909987 -0.07858628135911233 22.820195559350292
1.4999692778077263 0.8931176575714888 1.2787707171829568 1.179423378776854 0.6602237986166833 0.9324472689879512 0.7418778211292296 1.016965017357023 1.7088486403627183 0.9824042802693917 0.48951160214157124 0.008382944674780735 0.09562798821420848 58.96097606146859
1.116892570693829 0.9757174827572206 0.7633338037817023 0.8004202460214459 0.7862651631034925 0.07927703380053118 0.7744814857382256 0.9980844746571369 1.1247287644065997 0.9913107420793759 0.8665985526366676 -0.5755450727649358 0.31496892775489743 10.06140425678544
0.724801775835274 0.850926539477188 1.0728402883253685 0.6495268098158067 0.88057947204825 0.4971660810331134 0.6124864496484079 0.9116382753879086 2.030785928799231 1.0002137605091237 1.1836758592502714 -0.058729552696957676 0.1236867959143988 54.12733512474139
0.7036412640278681 0.8444590892271736 1.4305830107395305 1.4149834312273293 0.043991417711557707 0.008473653744291963 0.8173179720624808 0.9495645548004735 2.1582962617419374 0.9818943634835503 0.9474663213371736 0.05131024337798684 -0.32674752701143917 23.58236424181235
0.9847598278168983 0.9894585660561386 0.957907528454531 1.194620613845475 0.845737141535814 0.609288258809375 0.2973877337862544 0.9210546268998938 2.0853433685953506 1.0069072923167521 0.9366801934472105 -0.39631062940771744 -0.31240485452327077 56.66290953066935
1.147012909181163 0.9254367930585898 1.0342572658028888 1.1063303202727757 0.19397225488668754 0.3016143837371807 0.9102475549790303 0.9921363525195325 2.5005030297235793 0.9873803304292277 1.19957742936589 0.09536784279951827 -0.27370941566951684 15.521972532540943
0.6909275862245979 0.9390183983307671 0.6579950879521892 0.5213787807715282 0.8181803047412316 0.10897364682583774 -0.1547007741859998 0.9236461934790572 1.6125118549984467 0.977915233757293 0.5745369143434684 -0.18265978638440156 -0.1323404253214862 19.10842391528787
0.7477858478060857 0.963444199005856 1.0930305980229147 0.937137846236094 0.8949717651306056 0.4838394612350352 0.48521896514553176 0.9242464626997006 2.545297846166881 0.9762846061061334 0.6150191424214793 -0.413205774665537 0.10762054311454011 45.198309976079585
1.2486062590409082 0.8117200339791342 1.143981856721315 1.104176980233099 0.6142353304262449 0.7819084880717126 0.14446693280951162 1.0255856310137221 2.493417691901482 1.0025414787059903 0.5794845100199395 -0.38987477419839484 0.07796114429021012 36.153771315544155
0.9601054968017821 0.9770591051855394 0.7789802648934954 0.6687718033618144 5.95065942354448E-4 0.7123083869432594 0.8630675879922713 0.9204053803559681 2.2238556271640633 1.0138396106126129 0.5401370595641098 -0.32621048638163425 -0.30650740279350286 46.61278448074237
1.2811843378641494 0.9923596576532496 1.2335555298451362 1.457999050667112 0.9355772342694069 0.0919418898652718 0.4948227891671182 1.0218609676081738 2.2773190314674854 0.9728818615806168 1.0873723158687336 -0.20976869721388453 -0.28193835762450636 21.519615546143264
0.7631035417490072 0.8124807630118817 0.5134647352886196 1.4296790562213784 0.7323672125756426 0.32379143663205473 0.9915377926596234 1.0274613830210313 1.7968170332377862 1.0068899255556671 0.7018944640308686 -0.15091048372061217 -0.062349942093153976 27.47451652574318
0.6506261302777517 0.8754187423538442 1.3948738542569354 0.7201725409651868 0.2832844843640227 0.3673068954901808 0.21453371483363193 1.0007742949216412 2.0655134594714233 1.0135059095796966 0.445517165735275 0.011502803140142848 0.09640052954563405 8.36792036448536
1.4316643540073903 0.9341086509055723 0.981463472202904 1.2540287426933117 0.916465103625306 0.5350234352587679 -0.27032941177331565 0.9581904342129053 1.5032516097393431 1.0282120988480266 0.4949413569831005 -0.5562105161478074 0.08721679182999037 25.7418306020623
0.5991119426136853 0.966752043571705 0.8881083622660251 1.3002476976001414 0.02654148813486416 0.8549940968350788 0.3734387900417335 0.9488537586221714 2.173908948904443 0.9987290154452368 1.085412157345237 -0.45377212678182427 0.2785538888410016 24.087937030951686
0.7855250485222797 0.9205127746438357 0.5794793330164779 0.8300025575177339 0.0844191770192952 0.9873503785775707 0.6557819318129998 0.9500943257035314 1.8426724490155626 1.0268778900745765 0.554861196288713 -0.1374073389491447 0.25436976439124076 44.04824657037167
0.6618146546021152 0.9806635449600511 0.7377104166416297 1.4389543241657372 0.7485981447563593 0.7079174463993265 0.20545393509333787 0.9006313589954773 1.079660453473353 1.029139781959788 0.7439280700617268 0.035473425465756936 -0.0302736557988863 50.279993339167966
1.199879149595769 0.9657813773023055 0.9036845061828312 1.3240511795080283 0.7123290874424114 0.3973582102027428 0.07399577324692008 0.9599389070343171 1.8736348249586952 1.0217820349672273 1.1950829608493603 -0.5680807568370971 0.11876560735597169 35.31628157854556
1.3629319395486612 0.9057072160228705 0.8566879146349543 0.8169956999715229 0.3599680527449346 0.23880666641660314 0.7156177483638229 0.9855127818451841 1.5761511268705335 1.0214089658995544 0.8739093529553048 0.07951239999884008 -0.2506559153688906 28.471826743822483
0.5104178587377749 0.827950145044417 1.3398670312712644 0.5692191729243149 0.02433527106760314 0.5568430270194726 0.44313218638120655 0.9864198716250774 2.3912842333524327 0.9821819924776469 1.2264815773014262 -0.3509272065724543 0.04171085107445771 2.66780282490864
1.4596507325781276 0.809857015477902 1.197013182316908 1.0222258022982653 0.12010762441010672 0.9644990792064209 0.28905599754803624 0.9467252218021456 1.664651416292972 0.9710494387342428 1.021528120707329 0.16326685280513686 -0.22628875121257122 19.218294897598355
0.9128432067377938 0.9305740337376953 0.5280514347978141 0.9848941754442722 0.2748268822270708 0.17008912244561017 0.9010281020329707 0.987784632190006 0.9889607256846777 0.9743242419727773 1.1411839336883052 -0.4591594437499581 -0.13994651815967804 13.679921444955474
0.9657059149235414 0.9163507106020161 1.3512156182277155 0.9189258161676263 0.9660190436692712 0.12654469506153768 -0.003432825756188862 0.9349415643949521 2.6199965221895782 0.9752502733438128 1.1553324684075204 0.27233432452169937 0.17062109054623537 26.26555577196966
0.9763271065224216 0.9135407023119899 1.4549164716530822 0.7627168659521109 0.43762943126715653 0.5932516535978251 0.31052010492207016 0.9946186728062849 1.988792280909452 0.9777630931301428 0.6031129126642686 -0.08788441033131944 0.11230790484122316 12.401470581495422
0.876086721576895 0.983074917581461 1.237781174001165 0.7173134524618083 0.5729672784266193 0.057831102421590425 0.4103728171656287 0.9360583089166654 1.398469112483148 1.0169047377160176 1.0949341447948466 -0.6333574341007547 0.14268322227532348 40.56108360644083
1.4266067785398904 0.8002422832605823 0.6762071955457106 0.6895300104636296 0.9932093132495727 0.3480907310571527 0.04507375222716126 0.925365736501948 1.171871367602255 0.9766456317546921 1.2131546479852218 -0.33684654931278785 0.24304385124427624 19.623342928129482
0.9891849876348058 0.8800330216303421 1.3763083164995402 1.0906800608911125 0.06405722214727892 0.06596098621567276 -0.14129233519926537 0.9639535817822569 2.1395602567438234 0.9958481360566963 0.8800241012253472 -0.38810827789559876 0.27175728546864114 20.083378813233455
0.534148901679557 0.9714336350678965 1.2961996975661143 1.2251298351437425 0.70673959450077 0.5127614353836139 0.2685183710782989 0.9714085103446131 2.4675476860471637 1.0126632893438778 0.3922115134935507 0.10132041052490459 0.1610948619734428 52.91666019735972
1.0187111538864708 0.8716253646276013 1.3830003008393579 1.262461686169218 0.9457792247854904 0.9390718624089402 0.9934295891632077 1.0038551105700897 2.147021646151376 1.0132488648087847 0.7741398534317869 -0.46779396627798486 0.05804192149332238 47.90464121879279
1.462464166019309 0.8590963880814291 1.0825014803242896 0.9309499892302713 0.803592194612463 0.9490123283958678 0.8896222697046601 1.0163026888889195 2.2459445049533455 0.975592758467704 0.9891401746028776 -0.24192913608475392 -0.1357564291792427 7.827198213321523
1.435010646535011 0.9860985040862167 1.1887475991939698 1.3098536838666257 0.811718650097059 0.31214218566490853 0.5803772357824593 0.9339812598977766 0.7987282561199395 0.9909956228122883 1.1165208967673972 -0.041113529099563006 0.28608066579387054 22.055789577116503
0.9483719504838455 0.9913754401693425 0.9542307983688519 1.3822828002207443 0.2232755302600114 0.10483902814319061 0.026555005239145002 0.9470876310058242 1.6376312714259342 1.0202370528596032 0.4530065084563115 -0.6489723376652006 0.04365289460886884 35.628192340769615
0.8241360013140226 0.8520141316041664 0.6904030532004911 1.4864142033453 0.5424240952292977 0.26234088621353663 -0.23944009623217533 0.9354730660804703 0.9398326169903333 0.9943100761732296 0.9192496081855266 -0.0197877713134883 0.10031851847142342 44.682226539379585
0.9226798995798822 0.9366154617292222 1.3434845842156777 1.1989946274467544 0.342349224709462 0.16381520551085554 0.6707064979657194 0.9696001244880046 2.5923901265024827 0.9962369606440041 1.2441342284029178 0.1278738907822199 -0.17732044353955023 8.993275825450397
1.1777261564719677 0.9743687552614718 0.8656700145966661 1.0390708243714915 0.3263877532279391 0.3575706694238145 -0.17046340195617737 1.0265647562489526 1.64936875854685 0.9983064910742309 0.8580536619291295 0.17981842442709772 0.20341101532928368 39.3243935779543
0.840246389631284 0.9385271766186308 0.7445919179392121 0.5603028436012094 0.6858567948379836 0.05213818510590913 0.6255197508568795 0.9138204062865405 1.6729091754514844 0.9977645072216368 0.7300138994524262 0.24056398004221757 -0.0639575286571975 38.64009029189505
1.2621139005210367 0.8498896976995466 0.5189683560581233 0.8446986267545875 0.9028205941930263 0.9005964672790149 0.6979636646913745 0.913432888481209 1.3028910859116638 0.9796901566336181 0.8229405023392801 -0.5817648207251579 0.068036380323034 25.827594588362007
0.5595487474670391 0.8615861860589629 1.4132941863091895 1.3582339851648326 0.899066549315399 0.3347115022452307 0.9442550652377626 1.0240892054239612 1.5623086274448457 1.0164030184100958 0.7090487214014654 0.1764639919867509 -0.2917117864765804 17.718636181250286
1.3489673650557341 0.8485660213512594 1.1321641911682847 0.8262315392760635 0.7690938736612747 0.893509992171794 0.31901424236809495 1.0050601837602604 1.0613836323679833 0.9858988215548241 1.0647132039044558 -0.17109520347115348 -0.02730122952670222 18.33058698731184
0.942314208915547 0.9432869028564864 0.6743578450464907 0.9963628914427768 0.03601417860678332 0.5874711476005623 0.08251756518253273 1.0270365187741786 2.437230038553055 1.0009774379282286 0.5136687499162566 -0.3828068543179876 0.3178043867403147 23.74108493434439
0.6560810476930607 0.8700812540914591 1.3058355279369747 1.0288004864777214 0.07046350112499636 0.14726414093463439 0.15750499427274955 0.9899372870255815 1.1902958310275806 0.9930681564367982 0.964896603323552 -0.08023478720886879 -0.28827881061525384 6.15176038708726
0.8273843414165019 0.9935720522301295 1.4173194246937202 0.6787057960393436 0.445181513747101 0.07386332122994903 0.88084615783696 1.0245440713667702 1.3830652394251906 0.9971397388444306 0.9035790489520147 -0.25102436200955547 -0.2546241774963409 11.783452087346312
1.089792709382964 0.9981012385658209 1.126872205503278 0.7348750143159467 0.537987969576175 0.7702427087891123 -0.3090281259158545 1.0234647186933479 2.3559862621116077 0.9952848680448254 1.0358569731757292 -0.47062489164401133 0.03218209921371218 28.842500817201344
0.6067031659809445 0.8033144598173769 1.2664762654316615 1.1201946981293456 0.7980609163327327 0.5790180373212749 -0.18069841083224963 0.9867048149352278 2.474057037347305 1.0277250540735277 0.8710458614170715 0.07452026111790466 0.23784379580718645 48.05694136265577
0.7051074616134119 0.8308056184128603 0.9909962797426948 1.0468541221324008 0.63192460171414 0.9938740170731384 0.3986108458696843 0.9625142955740548 1.0935024693120372 1.0221125678135499 1.0455688017165126 0.1517113770123264 0.30073768970245734 29.159033490600347
