mu0	sigma0	mu1	sigma1	p00	p11
15.19588624	0.334705311	15.66765856	0.279934173	0.731706195	0.646122029
15.10611958	0.322880618	15.616725	0.242636152	0.741790195	0.580395363
15.11357356	0.326289929	15.58126132	0.270615582	0.708678875	0.682233415
15.12700037	0.307192948	15.61806519	0.24057494	0.776467585	0.673622853
15.30605862	0.329259038	15.76599855	0.249990583	0.734776946	0.6693589
15.20677844	0.325056522	15.69470037	0.241320104	0.745365108	0.649963945
14.86881862	0.302004528	15.35401844	0.238291561	0.735381051	0.666389178
15.15262495	0.313756393	15.65149782	0.224007165	0.754031445	0.624101105
15.36693753	0.309297183	15.85867418	0.208488593	0.754234029	0.611964635
15.4569337	0.324922147	15.91025446	0.228527429	0.704494094	0.63983884
15.3893656	0.324767826	15.87333471	0.211939492	0.730236683	0.62283362
15.07050915	0.305351529	15.58032739	0.224983056	0.755809493	0.633974829
15.08659197	0.310885098	15.57736545	0.235070607	0.731215017	0.638483528
15.25613052	0.322674268	15.7315466	0.249191621	0.746274251	0.642431737
15.1267117	0.324713611	15.58621188	0.249071408	0.727148953	0.659908617
15.25334896	0.325285378	15.73621541	0.255276926	0.736683634	0.669853395
15.18740893	0.298569262	15.71677553	0.206435283	0.768619371	0.633661228
15.40532953	0.317022087	15.89284863	0.224002102	0.745113924	0.611988383
15.21356746	0.321469808	15.68800784	0.254452492	0.730500158	0.666728694
15.36541906	0.32483158	15.86028224	0.225026923	0.742367861	0.640539908
15.33158422	0.330532801	15.81448905	0.225129849	0.724968059	0.639948745
15.20990419	0.315918634	15.71243988	0.231508691	0.760101725	0.652401415
15.06967553	0.313179677	15.56652736	0.255681955	0.732733018	0.657457627
15.07865817	0.319315931	15.57087823	0.23546964	0.743249758	0.633698332
15.22754598	0.30687953	15.72583397	0.216324828	0.752655795	0.654900447
14.91875342	0.300774873	15.41814416	0.226570716	0.76369147	0.647201032
14.86110901	0.297138994	15.35063214	0.230359718	0.757400526	0.66595921
15.04250352	0.305166793	15.54699713	0.232785948	0.767957464	0.660681134
15.04707969	0.315275792	15.53915477	0.225486516	0.750482948	0.648542467
15.2699838	0.32571625	15.75159186	0.239028478	0.745455957	0.650307182
15.33321694	0.322248522	15.81346524	0.227641065	0.721990704	0.644849099
15.36624097	0.332955602	15.84567654	0.234896	0.738057084	0.662108005
15.17452312	0.305956977	15.6498592	0.237501035	0.733400428	0.669984509
15.06176952	0.303790849	15.52850002	0.241858883	0.734707015	0.679762664
15.28216956	0.305633926	15.75512198	0.234663971	0.710877559	0.651784215
15.23958179	0.309890949	15.72627949	0.223098382	0.730422122	0.667483642
15.44556297	0.337395441	15.92496755	0.250793806	0.720849401	0.673085527
15.38726238	0.337652531	15.85635973	0.260827079	0.725491961	0.648325954
15.32803094	0.335755855	15.80352799	0.262151971	0.729020546	0.638006957
15.42491657	0.356747701	15.8701272	0.275956456	0.673417123	0.671988067
15.32688838	0.321315635	15.81368859	0.224254338	0.729080977	0.631334137
15.27757915	0.321810898	15.77026317	0.234069952	0.737315147	0.639774619
15.34794281	0.318488986	15.83616775	0.221559873	0.752075089	0.634421043
15.37396393	0.327880074	15.86812204	0.219613265	0.766030282	0.654008576
15.36269517	0.319594433	15.83946484	0.242872638	0.742803604	0.672392558
15.2843805	0.330200654	15.74208088	0.253358082	0.7102896	0.702377199
15.19233486	0.324993358	15.64770222	0.253396296	0.739561268	0.67690653
15.36552035	0.324153436	15.80892393	0.252299558	0.71736598	0.66623644
15.33854332	0.329345006	15.82146665	0.238166473	0.719069466	0.649246988
15.27282856	0.312228376	15.78472161	0.214710726	0.722172844	0.647497291
15.25575817	0.326741841	15.73614363	0.245059741	0.740400346	0.665266938
15.40101625	0.334224332	15.872991	0.25950522	0.726891419	0.683564415
15.37270959	0.321802153	15.86024067	0.239583015	0.752595038	0.689437744
15.4273744	0.32449409	15.90749695	0.240959799	0.753520936	0.673562182
15.14779225	0.329114429	15.62973183	0.260266909	0.717963765	0.635580105
15.09063826	0.330327518	15.56915266	0.258170237	0.714253246	0.618837173
15.28665453	0.326989842	15.77191297	0.249596075	0.741278412	0.659657354
15.15181049	0.329349106	15.62996053	0.253372677	0.702991731	0.655594007
15.23455594	0.334366692	15.72086595	0.248722959	0.718402923	0.64064851
15.33461055	0.331504631	15.82037158	0.243070806	0.743543395	0.639733255
15.10705798	0.332311061	15.59033472	0.275058114	0.7345865	0.644144924
15.16066312	0.326472767	15.64058665	0.252782573	0.723238155	0.620127305
15.19845294	0.326982469	15.67050607	0.244726908	0.721688048	0.651240327
15.1218839	0.325892956	15.61410234	0.258389096	0.722199475	0.581978559
15.37078047	0.334187709	15.81242692	0.275138356	0.6921649	0.661341551
15.27335087	0.329265563	15.75959946	0.242935305	0.745648797	0.650797839
15.23987172	0.33345656	15.72069029	0.250140417	0.72355572	0.68344806
15.10625082	0.318074483	15.57180466	0.243705094	0.73162885	0.663454581
15.07055052	0.315413628	15.55024605	0.248160602	0.749190061	0.648547247
14.88918445	0.311863349	15.37007863	0.258730061	0.743258301	0.647156436
15.24146424	0.316462142	15.71162516	0.243322295	0.716777899	0.658346575
15.30998786	0.325566624	15.7813713	0.241634759	0.732314652	0.650925448
15.41010266	0.328955804	15.87714716	0.243000613	0.733062196	0.677625542
15.30534809	0.32310321	15.76423281	0.235523164	0.717494131	0.639379174
15.26911605	0.330971677	15.75626878	0.243548209	0.762356889	0.666072686
15.26263851	0.337632573	15.755692	0.231066291	0.738374455	0.622743106
15.57507727	0.323685042	16.02481722	0.24295383	0.71552012	0.686401517
15.38725857	0.330146451	15.85203488	0.246874688	0.715254267	0.673872253
15.5532999	0.322763639	16.01234417	0.233136281	0.731085722	0.673046227
15.5916561	0.334694273	16.03496717	0.24583758	0.701432618	0.686217263
15.57592654	0.3257419	16.05812168	0.239712118	0.742292386	0.665950701
15.58586265	0.321799577	16.05150492	0.227206879	0.726877706	0.652163487
15.51343896	0.330958689	15.97054724	0.241132932	0.693358753	0.636199888
15.35852417	0.335999179	15.81251045	0.259492696	0.677890078	0.641326319
15.25900241	0.320582084	15.71624249	0.248100369	0.696583241	0.635819332
15.40936774	0.320431245	15.87312138	0.244667461	0.715439358	0.65860955
15.29927719	0.330892698	15.77138877	0.241983774	0.728661565	0.623933674
15.34673691	0.3147102	15.82619262	0.220958426	0.739397867	0.631895106
15.36133357	0.318127261	15.85615934	0.220762309	0.748334164	0.628703063
15.27881193	0.33029017	15.76130219	0.246864766	0.745456776	0.661406932
15.26679774	0.313817926	15.75642107	0.217231176	0.752998949	0.654593987
15.18405958	0.316540045	15.67777855	0.234559148	0.732941859	0.627611147
15.41503607	0.332052119	15.87940425	0.246550376	0.713698829	0.63924851
15.19004986	0.325682807	15.63671598	0.26701879	0.705965618	0.680538082
15.18989329	0.315925396	15.66980546	0.23577751	0.732188872	0.662043678
15.11591974	0.320982822	15.58273646	0.275017051	0.742042797	0.675350522
15.19087989	0.317970277	15.68412267	0.243128891	0.723324587	0.649715284
